3.000000000000000000e+01 -7.170101161203804979e-14 5.611471130089759199e-14
5.000000000000000000e+01 1.089991232191668677e-13 4.265699790699636864e-14
7.000000000000000000e+01 2.108782991216043695e-14 3.474288722856954719e-14
9.000000000000000000e+01 1.153485625906834475e-13 3.073762603658959181e-14
1.500000000000000000e+02 4.096142730783364277e-14 2.170119151702220631e-15
2.500000000000000000e+02 1.057457674298851456e-13 1.840783449485668681e-15
3.500000000000000000e+02 1.117208130798529198e-13 1.685123105207645437e-15
4.500000000000000000e+02 1.094853806426859965e-13 1.491980580313579637e-15
5.500000000000000000e+02 1.087671378063063349e-13 1.304577025121019283e-15
6.500000000000000000e+02 1.165112520476883730e-13 1.263075581513763939e-15
7.500000000000000000e+02 1.176551286581929693e-13 1.181898697801847345e-15
8.500000000000000000e+02 1.212165306643507539e-13 1.153478067500887777e-15
9.500000000000000000e+02 1.299180159860560134e-13 1.142609414270420167e-15
1.050000000000000000e+03 1.340263205219266990e-13 1.097106306659701486e-15
1.150000000000000000e+03 1.357110403428182738e-13 1.091098492301948182e-15
1.250000000000000000e+03 1.438927160616066253e-13 1.061170206703832080e-15
1.350000000000000000e+03 1.496581870153735687e-13 1.085065868331428484e-15
1.450000000000000000e+03 1.515904169246965322e-13 1.085491668115382217e-15
1.550000000000000000e+03 1.631822750131528160e-13 1.048252284295069563e-15
1.650000000000000000e+03 1.757473420566888773e-13 1.104522027439562288e-15
1.750000000000000000e+03 1.914708325398587327e-13 1.181195401545755771e-15
1.850000000000000000e+03 2.096071434811185094e-13 1.210257130545738896e-15
1.950000000000000000e+03 2.347478189800631797e-13 1.350405072844282059e-15
