50.0 2.553542042919526e-24
150.0 2.0354864336084826e-21
250.0 4.412855370448896e-20
350.0 2.964547332280495e-19
450.0 1.28728632429541e-18
550.0 4.372980403959603e-18
650.0 1.1873413430683133e-17
750.0 2.8227284287936584e-17
850.0 5.98779908904225e-17
950.0 1.1826008643819636e-16
1050.0 2.1380619462944024e-16
1150.0 3.704387282731673e-16
1250.0 6.062242831504195e-16
1350.0 9.511325666944386e-16
1450.0 1.4558938412488964e-15
1550.0 2.1030892732207512e-15
1650.0 2.872848209536171e-15
1750.0 3.9717653969185084e-15
1850.0 5.298859950217098e-15
