100 16.0863986121380     
200 18.7577650339793     
300 19.4099285852236     
400 19.6384628690036     
500 19.7401317788651     
600 19.7909587197897     
700 19.8179644654594     
800 19.8331587124228     
900 19.8415858077746     
1000 19.8458154153171     
1100 19.8477706585751     
1200 19.8488226711325     
1300 19.8494163794462     
1400 19.8497555584150     
1500 19.8499479901618     
1600 19.8500484156212     
1700 19.8500956950666     
1800 19.8501151785278     
1900 19.8501209149852     
2000 19.8501215895672     
