100 14.0356239580421     
200 16.3855652888283     
300 16.9657551053143     
400 17.1715392377059     
500 17.2637712446720     
600 17.3100012109490     
700 17.3345950920782     
800 17.3484257144125     
900 17.3560815141857     
1000 17.3599212641388     
1100 17.3616962716636     
1200 17.3626490204349     
1300 17.3631853075442     
1400 17.3634907407624     
1500 17.3636631319557     
1600 17.3637527488224     
1700 17.3637948517375     
1800 17.3638121314783     
1900 17.3638171984305     
2000 17.3638177926855     
