3.000000000000000000e+01 9.511860500583992601e-14 4.469718896239066869e-12
5.000000000000000000e+01 -1.301556780611577842e-12 3.359361903935824533e-12
7.000000000000000000e+01 -9.183926394951212878e-14 2.956606561407453844e-12
9.000000000000000000e+01 -5.152235986839662052e-13 2.627730354850079769e-12
1.500000000000000000e+02 6.107051122866617803e-14 2.072304699807571912e-13
2.500000000000000000e+02 1.076069676818200742e-14 1.624464906466680004e-13
3.500000000000000000e+02 4.342032469667168168e-15 1.567012437597218610e-13
4.500000000000000000e+02 1.677571707735994456e-14 1.426780982057050918e-13
5.500000000000000000e+02 9.939517614609251038e-15 1.251174644871512986e-13
6.500000000000000000e+02 4.008211104142199261e-15 1.238034649316440929e-13
7.500000000000000000e+02 2.395235490158416552e-14 1.146235962732441299e-13
8.500000000000000000e+02 -7.511177793342989297e-15 1.068568548359634587e-13
9.500000000000000000e+02 1.486950567896616435e-14 1.068799206986411900e-13
