3.000000000000000000e+01 1.435797593211833613e-12 4.710889447570246231e-12
5.000000000000000000e+01 -2.075293043049496035e-12 3.621598526380712464e-12
7.000000000000000000e+01 6.155873333635641803e-13 3.060248635861933619e-12
9.000000000000000000e+01 -1.583624394616522465e-13 2.464728960828126565e-12
1.500000000000000000e+02 1.309936977296181478e-13 1.980466292103610761e-13
2.500000000000000000e+02 2.607220891435016823e-14 1.755321456914492017e-13
3.500000000000000000e+02 -4.903842621142448032e-15 1.578083200252066536e-13
4.500000000000000000e+02 6.717426723874756750e-15 1.328636996509158638e-13
5.500000000000000000e+02 1.361053744154531634e-14 1.282120452801690321e-13
6.500000000000000000e+02 8.921692237207405195e-15 1.204239741273483375e-13
7.500000000000000000e+02 -1.544283931566015906e-14 1.191085662043919699e-13
8.500000000000000000e+02 -3.535333468129143597e-14 1.102163369164169365e-13
9.500000000000000000e+02 -7.190425528864678867e-15 1.112228146913534089e-13
