3.000000000000000000e+01 6.009398771347827879e-12 4.844547356597362422e-12
5.000000000000000000e+01 3.499444421977051700e-13 3.934544839995264514e-12
7.000000000000000000e+01 -4.208495260819155346e-13 3.188071835919008661e-12
9.000000000000000000e+01 1.457123867788362165e-13 2.726690130043151404e-12
1.500000000000000000e+02 -3.846665769068781708e-14 1.934847366707523527e-13
2.500000000000000000e+02 -7.265331107580438829e-15 1.704919013787572564e-13
3.500000000000000000e+02 -1.112329743835353881e-14 1.495447451177780789e-13
4.500000000000000000e+02 1.872068353195019006e-14 1.353955544583574572e-13
5.500000000000000000e+02 1.065825705011548480e-14 1.296869243674075103e-13
6.500000000000000000e+02 -3.909755301035409038e-15 1.322597625210238859e-13
7.500000000000000000e+02 1.656342602228398834e-14 1.207672556720739433e-13
8.500000000000000000e+02 8.662530874930191145e-15 1.090525189181493519e-13
9.500000000000000000e+02 1.752556096678398938e-15 1.086223292760063749e-13
