3.000000000000000000e+01 -1.562691894780784134e-12 4.806456727441991282e-12
5.000000000000000000e+01 -3.457342839931522387e-14 3.547610590102713298e-12
7.000000000000000000e+01 2.694033613035623224e-13 3.157319234083131040e-12
9.000000000000000000e+01 1.908802728157657443e-12 2.705234716746379404e-12
1.500000000000000000e+02 -4.596799413757779644e-14 1.988131783078169421e-13
2.500000000000000000e+02 -3.989881314680449625e-15 1.693537418804415798e-13
3.500000000000000000e+02 1.147090140432951362e-15 1.603665428972295741e-13
4.500000000000000000e+02 -6.463079543142123882e-15 1.432419405814326768e-13
5.500000000000000000e+02 -1.250798752771190539e-14 1.302624407215588090e-13
6.500000000000000000e+02 -5.341984885602477518e-15 1.200797895956537594e-13
7.500000000000000000e+02 -1.329697370359458012e-14 1.089725305248981767e-13
8.500000000000000000e+02 1.342382609128766689e-15 1.096959265726857829e-13
9.500000000000000000e+02 -1.723962783156695351e-15 1.095630135612093387e-13
