3.000000000000000000e+01 2.916965995784355245e-13 4.401477577478736124e-12
5.000000000000000000e+01 3.167984787846627384e-12 3.961719528255017036e-12
7.000000000000000000e+01 -1.703284247644695767e-13 3.144749929798737530e-12
9.000000000000000000e+01 -1.420271431915012907e-13 2.499040523942200102e-12
1.500000000000000000e+02 -2.777848009431651444e-14 1.905845458459782366e-13
2.500000000000000000e+02 2.402844641378619002e-15 1.664959049687993231e-13
3.500000000000000000e+02 9.309401681760181256e-15 1.624800677964424009e-13
4.500000000000000000e+02 -8.486905637456659276e-15 1.328377173057439008e-13
5.500000000000000000e+02 -2.777837543728154272e-14 1.223485129523482197e-13
6.500000000000000000e+02 3.038805647224641874e-14 1.194411954669315531e-13
7.500000000000000000e+02 7.957222288129498712e-15 1.150061257901718697e-13
8.500000000000000000e+02 1.570326176127229851e-14 1.145269507695338373e-13
9.500000000000000000e+02 -3.109764477872059315e-14 1.131212013021511384e-13
