3.000000000000000000e+01 2.883608032242022545e-12 4.787893864386466082e-12
5.000000000000000000e+01 3.287779988722865715e-12 4.116540667432385627e-12
7.000000000000000000e+01 5.208134891664958728e-13 3.161873037949913827e-12
9.000000000000000000e+01 3.010874371284736933e-13 2.662574157365902401e-12
1.500000000000000000e+02 -5.798132149996482287e-15 1.723542938153168473e-13
2.500000000000000000e+02 2.645851894810922509e-14 1.639627244575723985e-13
3.500000000000000000e+02 3.324044020428539081e-14 1.542823280587474282e-13
4.500000000000000000e+02 -2.809289134885863362e-14 1.419023620141904566e-13
5.500000000000000000e+02 4.625445626905316862e-16 1.298459772599679204e-13
6.500000000000000000e+02 1.740990135806595968e-14 1.293089372117717316e-13
7.500000000000000000e+02 -1.331959355169008332e-14 1.249236146124966534e-13
8.500000000000000000e+02 9.382864279211396659e-15 1.191136203403069598e-13
9.500000000000000000e+02 -1.069103809233693162e-14 1.162997144518725347e-13
