3.000000000000000000e+01 -1.893276601869473666e-12 4.712896929485920100e-12
5.000000000000000000e+01 2.424628036181833185e-12 3.617857751615456280e-12
7.000000000000000000e+01 6.891203526024871099e-13 3.198185599955768871e-12
9.000000000000000000e+01 7.236731237826188163e-13 2.615578011581944744e-12
1.500000000000000000e+02 -1.225850338485080913e-14 2.045216441646495868e-13
2.500000000000000000e+02 -4.500809961804691321e-14 1.723273247602276383e-13
3.500000000000000000e+02 -5.271415488485446067e-14 1.500895961900700061e-13
4.500000000000000000e+02 2.418982081287436433e-14 1.395178413056556046e-13
5.500000000000000000e+02 -4.196375106125823489e-15 1.327375464473934862e-13
6.500000000000000000e+02 2.064722769924090722e-14 1.268549209751525486e-13
7.500000000000000000e+02 -1.182172838340443968e-14 1.186184855668491602e-13
8.500000000000000000e+02 -6.412994318347658373e-15 1.123569232466674955e-13
9.500000000000000000e+02 -2.776144851108454192e-15 1.170294505295545685e-13
