3.000000000000000000e+01 1.049504028239135702e-12 4.747578572438674247e-12
5.000000000000000000e+01 3.495633560175182187e-13 3.806460855070106634e-12
7.000000000000000000e+01 5.626234192513618577e-13 3.066936177636509833e-12
9.000000000000000000e+01 1.484856890494224702e-13 2.871366994978058463e-12
1.500000000000000000e+02 1.056363462416434118e-13 1.858652975990669814e-13
2.500000000000000000e+02 2.510087280019058787e-14 1.777826002055553790e-13
3.500000000000000000e+02 -6.134277696051458874e-15 1.579297837303157479e-13
4.500000000000000000e+02 -1.997357295112976352e-14 1.468440827967717468e-13
5.500000000000000000e+02 -1.291056827340093298e-14 1.319227449104445080e-13
6.500000000000000000e+02 -6.098573647740543953e-15 1.232534969860433215e-13
7.500000000000000000e+02 2.306481062390113181e-14 1.135759471766587461e-13
8.500000000000000000e+02 1.803977073602005941e-14 1.125709217094749026e-13
9.500000000000000000e+02 -1.553076118452234367e-14 1.087815988925119089e-13
