3.000000000000000000e+01 7.287636055567539624e-13 4.356273438216347641e-12
5.000000000000000000e+01 -3.366239692235370227e-13 3.585510569526222835e-12
7.000000000000000000e+01 -1.211340148966186451e-12 3.151153866591475392e-12
9.000000000000000000e+01 5.524633476033805568e-13 2.887065170662708929e-12
1.500000000000000000e+02 3.687987792128078789e-14 1.986650664771504757e-13
2.500000000000000000e+02 -1.386105327116672221e-14 1.686174183785457377e-13
3.500000000000000000e+02 -1.846015778514587477e-15 1.555709758087627121e-13
4.500000000000000000e+02 1.426474060105481652e-14 1.409055275913700004e-13
5.500000000000000000e+02 -1.350399287679143905e-14 1.268329753312586749e-13
6.500000000000000000e+02 1.690941861849308753e-14 1.277941370061382313e-13
7.500000000000000000e+02 -1.323223835409904761e-14 1.193377595444664252e-13
8.500000000000000000e+02 -1.217939177655262002e-14 1.091715453112175512e-13
9.500000000000000000e+02 -1.905984028523696045e-14 1.184704314843696365e-13
