3.000000000000000000e+01 -3.263034247354032702e-12 4.772027191296252733e-12
5.000000000000000000e+01 -9.112358224029566835e-13 3.798641471335295952e-12
7.000000000000000000e+01 -5.052319957624397543e-13 3.109682162278167941e-12
9.000000000000000000e+01 9.190328292889682184e-13 2.733969970961064374e-12
1.500000000000000000e+02 -7.670751119630314744e-14 2.008630933200775296e-13
2.500000000000000000e+02 2.226005204599054093e-17 1.673978432541201325e-13
3.500000000000000000e+02 1.191692285484941500e-14 1.603948090707662985e-13
4.500000000000000000e+02 5.219462292679598972e-14 1.352798439038257720e-13
5.500000000000000000e+02 1.015087812783587462e-14 1.204977390123534869e-13
6.500000000000000000e+02 2.008526574099056303e-14 1.206467789827649179e-13
7.500000000000000000e+02 -1.065545004528706807e-14 1.199650755178359420e-13
8.500000000000000000e+02 -2.544733145348249334e-14 1.110300121087760735e-13
9.500000000000000000e+02 4.024098532250674910e-15 1.126820344236250263e-13
