3.000000000000000000e+01 -2.498866703751735776e-12 4.487672986938320241e-12
5.000000000000000000e+01 1.008455780348560656e-12 3.568151303823870019e-12
7.000000000000000000e+01 -1.590502959092047816e-12 3.118467830450868302e-12
9.000000000000000000e+01 -4.699980591681647800e-14 2.804747193571648404e-12
1.500000000000000000e+02 1.017964170243888787e-13 1.933539193739896267e-13
2.500000000000000000e+02 6.969877002511768734e-14 1.628079231641726743e-13
3.500000000000000000e+02 -4.359321815359944287e-15 1.620680223726465323e-13
4.500000000000000000e+02 -9.945369850910227307e-15 1.304243078825121514e-13
5.500000000000000000e+02 2.683866612553868021e-14 1.266234156660397981e-13
6.500000000000000000e+02 1.406571199148191384e-14 1.286675492230842617e-13
7.500000000000000000e+02 1.869375271544078156e-14 1.225408466086193277e-13
8.500000000000000000e+02 -1.007026547209334918e-14 1.104192952215374917e-13
9.500000000000000000e+02 -1.291928658345531565e-14 1.152774394184712246e-13
