3.000000000000000000e+01 -4.022416280785742270e-13 4.408255144838136167e-12
5.000000000000000000e+01 7.961949930897891243e-13 3.655320756495747011e-12
7.000000000000000000e+01 -2.609582884522093880e-13 3.173586304467124169e-12
9.000000000000000000e+01 -1.224984720596642947e-12 2.810568177032593968e-12
1.500000000000000000e+02 -5.149713573235296188e-14 2.019434268007074478e-13
2.500000000000000000e+02 -4.429767375338177920e-14 1.682826806178853767e-13
3.500000000000000000e+02 -4.723174115519062428e-15 1.594140255601922425e-13
4.500000000000000000e+02 -4.444197059276682364e-14 1.330433536096647539e-13
5.500000000000000000e+02 -1.880854164843328500e-15 1.258347583844641926e-13
6.500000000000000000e+02 -4.700589024167865641e-15 1.200319335907716398e-13
7.500000000000000000e+02 2.965197363276999420e-15 1.144619106823800017e-13
8.500000000000000000e+02 1.669210903879846540e-14 1.143144934056592752e-13
9.500000000000000000e+02 -9.436048626548807905e-15 1.083888999403440808e-13
