3.000000000000000000e+01 -8.856717285924662896e-13 4.809151247710679382e-12
5.000000000000000000e+01 8.824633463070424600e-14 3.911982413690159660e-12
7.000000000000000000e+01 -1.339879409286137562e-12 3.249536141742526257e-12
9.000000000000000000e+01 3.770683634335119859e-13 2.815002425502412265e-12
1.500000000000000000e+02 -2.572943714957400561e-14 1.990940185232290564e-13
2.500000000000000000e+02 -1.834301688955696486e-14 1.646190054585872913e-13
3.500000000000000000e+02 4.002592058541735404e-14 1.535711802872408260e-13
4.500000000000000000e+02 -4.946144440117567739e-14 1.428813931093423954e-13
5.500000000000000000e+02 6.782708802478198984e-15 1.260578744659568991e-13
6.500000000000000000e+02 -1.892751217637920199e-14 1.254755407508923172e-13
7.500000000000000000e+02 -1.904050345310229593e-15 1.132615301807212340e-13
8.500000000000000000e+02 8.549848444916141093e-15 1.157527683492222786e-13
9.500000000000000000e+02 -4.096649785294498398e-15 1.082248962486423504e-13
