3.000000000000000000e+01 2.331977603318704813e-13 5.197607981129413333e-12
5.000000000000000000e+01 -2.520754784479754036e-12 3.671220260678664545e-12
7.000000000000000000e+01 2.147754141319402300e-13 3.016050843056467359e-12
9.000000000000000000e+01 -1.391798814042294517e-12 2.641078574500755582e-12
1.500000000000000000e+02 -1.429401460543169672e-14 1.927078241311533956e-13
2.500000000000000000e+02 1.904793476541005325e-14 1.651196767246548876e-13
3.500000000000000000e+02 6.327198883177471131e-15 1.494300797156100256e-13
4.500000000000000000e+02 2.990202586115669297e-14 1.404282246583192485e-13
5.500000000000000000e+02 1.651534154364760564e-14 1.281545903177452040e-13
6.500000000000000000e+02 8.565487099431649388e-15 1.273897772476099419e-13
7.500000000000000000e+02 3.128575917647528894e-14 1.164400724117984877e-13
8.500000000000000000e+02 6.436970915130138368e-15 1.158125706186435460e-13
9.500000000000000000e+02 -1.630395101542512347e-14 1.203657226897524564e-13
