3.000000000000000000e+01 -2.798724405664672209e-13 4.360769626993165995e-12
5.000000000000000000e+01 -8.108648674921916280e-13 3.690099848184312012e-12
7.000000000000000000e+01 -1.870291564881893023e-12 3.231973128930580716e-12
9.000000000000000000e+01 1.065270059816565306e-12 2.784941798246671012e-12
1.500000000000000000e+02 2.670092054849400685e-14 1.953133742381869842e-13
2.500000000000000000e+02 -2.204005513976801447e-14 1.577690488416649954e-13
3.500000000000000000e+02 -1.541024085070402046e-14 1.526068498162862275e-13
4.500000000000000000e+02 2.636671377446718910e-16 1.398304918992416952e-13
5.500000000000000000e+02 -3.345039026059366631e-15 1.319960112549015425e-13
6.500000000000000000e+02 1.776048508646367944e-14 1.281252462800151680e-13
7.500000000000000000e+02 -1.501527168658886094e-14 1.140928481017881122e-13
8.500000000000000000e+02 -9.798729568298827623e-15 1.142379195178753735e-13
9.500000000000000000e+02 -1.547117331011590723e-15 1.140719586260323414e-13
