3.000000000000000000e+01 -1.267143896659354780e-12 4.598251550212263317e-12
5.000000000000000000e+01 -2.293317089674245554e-12 3.799476842626761710e-12
7.000000000000000000e+01 6.948710438864823206e-13 2.989742433104409011e-12
9.000000000000000000e+01 -1.172591540748550143e-12 2.809923518783533145e-12
1.500000000000000000e+02 -4.037893410638618878e-14 1.904774182366246573e-13
2.500000000000000000e+02 2.324392041164875081e-14 1.678793277019026485e-13
3.500000000000000000e+02 2.132687345665898508e-14 1.622040323577498711e-13
4.500000000000000000e+02 -1.958518217936701296e-14 1.463598073849332590e-13
5.500000000000000000e+02 7.608872731119155018e-15 1.318624271265613136e-13
6.500000000000000000e+02 -3.802175154277377568e-14 1.266718373835360393e-13
7.500000000000000000e+02 1.522034651463548743e-15 1.101140664237354840e-13
8.500000000000000000e+02 -1.148122913769025625e-14 1.205555956620300551e-13
9.500000000000000000e+02 1.382060158489419511e-15 1.072841707389166115e-13
