3.000000000000000000e+01 2.903767490196711002e-12 4.912763313950004856e-12
5.000000000000000000e+01 6.992839148903870409e-13 3.806068357551392815e-12
7.000000000000000000e+01 -1.232799671598723160e-12 3.071895050696790853e-12
9.000000000000000000e+01 2.011447822790669886e-12 2.704784492981765782e-12
1.500000000000000000e+02 -6.869701693080845538e-14 1.911769170762526256e-13
2.500000000000000000e+02 6.646020390914938031e-15 1.740127945925515911e-13
3.500000000000000000e+02 -1.438298043834461719e-14 1.622734490965519078e-13
4.500000000000000000e+02 -2.180320242532840529e-14 1.382037074857213767e-13
5.500000000000000000e+02 8.112358889925280030e-15 1.274351405548397280e-13
6.500000000000000000e+02 -1.099724908044132467e-16 1.204977358958213327e-13
7.500000000000000000e+02 1.216058555921806497e-16 1.121601287170166929e-13
8.500000000000000000e+02 5.849786056017155539e-15 1.162582821327530929e-13
9.500000000000000000e+02 -1.804404742373301749e-14 1.178488124925352996e-13
