3.000000000000000000e+01 -2.672379300236372887e-12 4.049707875877384279e-12
5.000000000000000000e+01 2.774263603777192831e-13 3.708349159789797620e-12
7.000000000000000000e+01 -4.044038320666710302e-13 3.122290471056830312e-12
9.000000000000000000e+01 -1.022511376658663295e-13 2.660073312639421421e-12
1.500000000000000000e+02 7.336000633418311454e-14 2.006132184173149709e-13
2.500000000000000000e+02 -1.818326680127603608e-14 1.749501341572414004e-13
3.500000000000000000e+02 1.527366315983228580e-14 1.563910915641617546e-13
4.500000000000000000e+02 1.056758689010917990e-14 1.410794426291235166e-13
5.500000000000000000e+02 -1.864484808859318292e-14 1.230440727592106129e-13
6.500000000000000000e+02 -6.168322981523326962e-15 1.252398508182534271e-13
7.500000000000000000e+02 6.554085699030719461e-15 1.196291654097699060e-13
8.500000000000000000e+02 -1.006935235832849189e-14 1.066710908162530281e-13
9.500000000000000000e+02 -2.381860094414693368e-14 1.072390072867129235e-13
