3.000000000000000000e+01 1.198679748941749184e-12 4.584009762861809362e-12
5.000000000000000000e+01 2.010732040585448935e-12 4.000789249597508708e-12
7.000000000000000000e+01 -1.346767508785004746e-12 3.051233657381024898e-12
9.000000000000000000e+01 6.376459665528524995e-14 2.780428219919772811e-12
1.500000000000000000e+02 -6.119508882056855217e-14 1.849675800564809514e-13
2.500000000000000000e+02 -2.687474181212951089e-14 1.622905026240217231e-13
3.500000000000000000e+02 6.762489952890829196e-14 1.559984543261236859e-13
4.500000000000000000e+02 -4.166546886637381387e-15 1.377824231197555163e-13
5.500000000000000000e+02 3.321876752829797467e-14 1.306065837679726019e-13
6.500000000000000000e+02 1.156704616357498665e-14 1.207626550484540484e-13
7.500000000000000000e+02 4.525047304907677172e-16 1.235096108837058945e-13
8.500000000000000000e+02 1.972198431921448964e-14 1.177508162633814284e-13
9.500000000000000000e+02 1.190304093430647301e-15 1.164761475066694991e-13
