3.000000000000000000e+01 1.348216282722213629e-12 4.915335577336992637e-12
5.000000000000000000e+01 9.895735655872955603e-13 3.778786583752899235e-12
7.000000000000000000e+01 -4.459767079164398099e-13 3.205089477097858198e-12
9.000000000000000000e+01 4.723252755500023721e-13 2.576969747907396963e-12
1.500000000000000000e+02 1.849373410647916558e-14 1.913450679098569445e-13
2.500000000000000000e+02 2.047496023906898958e-14 1.626684525309002879e-13
3.500000000000000000e+02 2.815784883669462470e-14 1.611402403873538177e-13
4.500000000000000000e+02 -4.948161933504233393e-14 1.384682821234221061e-13
5.500000000000000000e+02 1.326857253244933393e-14 1.263539875705699481e-13
6.500000000000000000e+02 -6.398119055258314174e-15 1.235457481693368787e-13
7.500000000000000000e+02 -4.530433689970460181e-15 1.167313668406654310e-13
8.500000000000000000e+02 1.554960207392065260e-14 1.169925722537835514e-13
9.500000000000000000e+02 -2.079076249952426064e-14 1.090843877513141803e-13
