3.000000000000000000e+01 2.444747891212183076e-12 4.928389550973097523e-12
5.000000000000000000e+01 -5.917040406162476608e-13 3.688362877287407123e-12
7.000000000000000000e+01 3.748096163857572375e-13 3.045530902382164613e-12
9.000000000000000000e+01 -1.305147583718322664e-12 2.677729744622647470e-12
1.500000000000000000e+02 3.426997916754694958e-14 1.989526589441105126e-13
2.500000000000000000e+02 4.264184199669409057e-14 1.711293579251330115e-13
3.500000000000000000e+02 1.864287004385524602e-14 1.578612785486778319e-13
4.500000000000000000e+02 2.536771744271294711e-14 1.410147700879219269e-13
5.500000000000000000e+02 -4.710942300008473990e-14 1.231964940429099516e-13
6.500000000000000000e+02 4.024134953852836174e-15 1.274461992039343382e-13
7.500000000000000000e+02 -9.030175891141311621e-15 1.200546700087452319e-13
8.500000000000000000e+02 -2.261261740303104192e-16 1.142534247640402184e-13
9.500000000000000000e+02 -2.027448887420424014e-14 1.133240528677299243e-13
