3.000000000000000000e+01 1.539485624992274096e-12 4.642284833439248246e-12
5.000000000000000000e+01 -2.801014192382849570e-12 3.791856101012308451e-12
7.000000000000000000e+01 -1.146328695516622596e-12 3.306137953102903833e-12
9.000000000000000000e+01 1.558681262165167446e-12 2.766736612411828975e-12
1.500000000000000000e+02 6.127868122453174657e-14 1.934687706350882509e-13
2.500000000000000000e+02 -2.148844922177913070e-14 1.689049257085288974e-13
3.500000000000000000e+02 7.768340090694363566e-15 1.507591152396745928e-13
4.500000000000000000e+02 -9.243048010425949141e-15 1.417040793732096863e-13
5.500000000000000000e+02 -3.502746158637428279e-14 1.252505385740437693e-13
6.500000000000000000e+02 2.077612032914092455e-14 1.166073263035119580e-13
7.500000000000000000e+02 -1.876412485180876735e-14 1.146009031638389194e-13
8.500000000000000000e+02 1.225315026983581189e-14 1.051195059364696219e-13
9.500000000000000000e+02 -1.460843912216443923e-14 1.183264713238349718e-13
