3.000000000000000000e+01 1.295410644371442860e-12 4.534943759546715415e-12
5.000000000000000000e+01 -4.016719010766414531e-12 3.725097994751078982e-12
7.000000000000000000e+01 -3.877572211770459285e-13 3.014319056514109403e-12
9.000000000000000000e+01 -4.616382433445212900e-13 2.866426417806052512e-12
1.500000000000000000e+02 -1.644850408553589748e-13 1.922420264052160093e-13
2.500000000000000000e+02 -6.190798107199864263e-14 1.655746669942166468e-13
3.500000000000000000e+02 -3.595042230205583197e-14 1.614755591738190332e-13
4.500000000000000000e+02 1.208190654788650453e-15 1.368450102000250299e-13
5.500000000000000000e+02 -1.825800252541029998e-15 1.255283416990400270e-13
6.500000000000000000e+02 4.011094832103516716e-14 1.212331987135264020e-13
7.500000000000000000e+02 -1.116886086457268712e-14 1.164017068602320135e-13
8.500000000000000000e+02 2.235787596623685687e-14 1.111997932780730540e-13
9.500000000000000000e+02 1.184361670787548434e-14 1.113534120667737730e-13
