3.000000000000000000e+01 1.643706304185614028e-12 4.627758169695862064e-12
5.000000000000000000e+01 -3.179144027211635008e-12 3.583845860592268624e-12
7.000000000000000000e+01 -1.248815511383302698e-12 2.975047327733530619e-12
9.000000000000000000e+01 6.941229595370735472e-13 2.716988931850450030e-12
1.500000000000000000e+02 5.765694953538857862e-14 2.042717175464232843e-13
2.500000000000000000e+02 1.467972444368699646e-14 1.753640601032936722e-13
3.500000000000000000e+02 -6.078079664890474012e-14 1.582630623524051343e-13
4.500000000000000000e+02 3.075020729765854613e-14 1.358201248728417485e-13
5.500000000000000000e+02 5.305576400865419441e-15 1.160288943352172869e-13
6.500000000000000000e+02 1.530153653140040598e-14 1.241919474650349759e-13
7.500000000000000000e+02 -7.863289748835360538e-15 1.160642589940793872e-13
8.500000000000000000e+02 -9.013080695690525439e-15 1.107252500856095287e-13
9.500000000000000000e+02 8.235265137112005758e-15 1.128622170752377128e-13
