3.000000000000000000e+01 -2.567931406556205207e-12 4.631707168931846896e-12
5.000000000000000000e+01 3.123146643048233334e-12 3.423769345186771411e-12
7.000000000000000000e+01 6.540077495635949486e-13 3.257107253710108682e-12
9.000000000000000000e+01 -9.717224013252721798e-13 2.803071808855675599e-12
1.500000000000000000e+02 -4.828926858332933155e-14 2.198752741573699991e-13
2.500000000000000000e+02 -2.210784285550502659e-14 1.658792891540288066e-13
3.500000000000000000e+02 5.005890933715707829e-16 1.583358668116611911e-13
4.500000000000000000e+02 -1.533178933231348677e-14 1.252305112901144679e-13
5.500000000000000000e+02 2.872616586159534209e-14 1.208546941182568489e-13
6.500000000000000000e+02 8.594484255459881455e-15 1.261844770744004573e-13
7.500000000000000000e+02 1.652020548017970834e-14 1.229396294904317845e-13
8.500000000000000000e+02 2.620021705030885967e-14 1.106386333424346574e-13
9.500000000000000000e+02 3.797260662870472725e-15 1.169153794357218818e-13
