3.000000000000000000e+01 -2.000058324709743721e-12 4.750841752165031537e-12
5.000000000000000000e+01 -1.731017321620853198e-12 3.735005424568554669e-12
7.000000000000000000e+01 -6.845144027058756471e-14 3.116989023848145617e-12
9.000000000000000000e+01 1.410854377231874346e-12 2.744848720391998580e-12
1.500000000000000000e+02 -4.661014823478552983e-14 1.749654645912699736e-13
2.500000000000000000e+02 3.032976189650476290e-14 1.667363834447002344e-13
3.500000000000000000e+02 1.388684435782404696e-14 1.555364130971291691e-13
4.500000000000000000e+02 1.842302683898484299e-14 1.446668322953794046e-13
5.500000000000000000e+02 1.952707420557738271e-15 1.283554745588900434e-13
6.500000000000000000e+02 4.584717093643038556e-16 1.142957006623057242e-13
7.500000000000000000e+02 -1.719934910478203919e-14 1.163990572732231995e-13
8.500000000000000000e+02 5.426959957359734754e-15 1.205545051873513265e-13
9.500000000000000000e+02 1.886408086480216087e-14 1.104637515082091643e-13
