3.000000000000000000e+01 -2.976178977052689646e-12 4.516694325507276473e-12
5.000000000000000000e+01 1.048371077642353665e-12 3.746835163402823060e-12
7.000000000000000000e+01 -1.906000398983436210e-12 3.088423582264874001e-12
9.000000000000000000e+01 1.565145106545365631e-13 2.865050513283621645e-12
1.500000000000000000e+02 3.663433350120873369e-14 1.845511659091635233e-13
2.500000000000000000e+02 7.941046526085664697e-14 1.679457643748133490e-13
3.500000000000000000e+02 -9.814094495903455642e-15 1.505737620688105574e-13
4.500000000000000000e+02 1.174436322366922795e-15 1.454336211931932377e-13
5.500000000000000000e+02 -1.323186578228484189e-14 1.234471219390560847e-13
6.500000000000000000e+02 2.045786687436495300e-14 1.268711251049262621e-13
7.500000000000000000e+02 -1.059566733532153354e-14 1.214812489521085946e-13
8.500000000000000000e+02 5.064222623254509194e-17 1.128601997514692457e-13
9.500000000000000000e+02 -9.266410124620761244e-15 1.197434316945122546e-13
