3.000000000000000000e+01 7.977011724542464452e-13 4.656599485571245312e-12
5.000000000000000000e+01 9.032188478707194734e-13 3.792064671089941652e-12
7.000000000000000000e+01 4.938472428827269622e-13 3.116701875777566850e-12
9.000000000000000000e+01 4.728848906139480677e-13 2.791458578294128738e-12
1.500000000000000000e+02 -5.410360214506220189e-15 1.958012364465544062e-13
2.500000000000000000e+02 2.510939860659597919e-14 1.768289671337036488e-13
3.500000000000000000e+02 2.623455149558627276e-14 1.562699359631409460e-13
4.500000000000000000e+02 -2.326148342715095592e-14 1.447206026598390499e-13
5.500000000000000000e+02 2.018545086549143008e-14 1.321780218942951261e-13
6.500000000000000000e+02 -6.467349953779414328e-16 1.231096547428821200e-13
7.500000000000000000e+02 7.376016052385297866e-15 1.163164411479526237e-13
8.500000000000000000e+02 1.798715302382493475e-15 1.123421093882741282e-13
9.500000000000000000e+02 -8.001826943060010247e-16 1.246163598425804735e-13
