3.000000000000000000e+01 1.882346885318159847e-12 4.855535269813303138e-12
5.000000000000000000e+01 -1.654394851151095891e-12 3.791774294099394914e-12
7.000000000000000000e+01 -2.009919139538101428e-12 3.061170895151096416e-12
9.000000000000000000e+01 4.540114170018270950e-13 2.782860852980041148e-12
1.500000000000000000e+02 4.579297091849725283e-14 1.958673092063779793e-13
2.500000000000000000e+02 -3.720020987670472792e-14 1.704476626041099085e-13
3.500000000000000000e+02 2.380123112382309389e-14 1.534995509925360516e-13
4.500000000000000000e+02 3.126026248247999015e-14 1.375118187311426160e-13
5.500000000000000000e+02 1.491533673452287691e-14 1.296993275620361006e-13
6.500000000000000000e+02 -1.394573106547043968e-14 1.209805799902480152e-13
7.500000000000000000e+02 -2.051230703069594448e-14 1.172453335003106627e-13
8.500000000000000000e+02 2.147068502097631824e-14 1.178755373955381780e-13
9.500000000000000000e+02 -7.311630059791519089e-15 1.159943817056578711e-13
