3.000000000000000000e+01 2.076848635442243633e-12 4.653598420878651137e-12
5.000000000000000000e+01 -4.397663149340691679e-12 3.640201731310825814e-12
7.000000000000000000e+01 5.217579270689278549e-13 3.067933135440998850e-12
9.000000000000000000e+01 -3.241439655027947044e-13 2.641874255011778643e-12
1.500000000000000000e+02 8.507175228879507089e-14 1.875974062628823339e-13
2.500000000000000000e+02 8.953482512598550456e-15 1.677147932939977192e-13
3.500000000000000000e+02 -3.845250824327677600e-14 1.516033086843801688e-13
4.500000000000000000e+02 2.748524705631904289e-15 1.410135414714612022e-13
5.500000000000000000e+02 -2.565372413066416716e-14 1.318269956210921240e-13
6.500000000000000000e+02 -2.098156716903444015e-14 1.293498271413845348e-13
7.500000000000000000e+02 1.407033390071442881e-14 1.149187157250445464e-13
8.500000000000000000e+02 5.898864821476446753e-15 1.080451077922318608e-13
9.500000000000000000e+02 7.334677069951659426e-15 1.182954086795640421e-13
