3.000000000000000000e+01 -3.166386712522980840e-13 4.834606603789221683e-12
5.000000000000000000e+01 -2.201486057877414533e-12 3.648685844563772956e-12
7.000000000000000000e+01 -2.152713369272893812e-12 3.131296732825340564e-12
9.000000000000000000e+01 -2.416430013249062977e-12 2.886101545843687707e-12
1.500000000000000000e+02 5.807035240957862539e-14 1.913596050728176864e-13
2.500000000000000000e+02 3.395128852152826792e-14 1.647688369589221975e-13
3.500000000000000000e+02 -2.435404668846955028e-14 1.544625249559645965e-13
4.500000000000000000e+02 4.886696071739844623e-14 1.315865270371254080e-13
5.500000000000000000e+02 -3.428265709871574603e-15 1.308436380635549660e-13
6.500000000000000000e+02 1.073360645908951049e-14 1.187839542534467283e-13
7.500000000000000000e+02 -3.066334265288405785e-14 1.168190710655340433e-13
8.500000000000000000e+02 -6.865434136036494659e-15 1.095014972628768675e-13
9.500000000000000000e+02 -6.275109790382786430e-15 1.151949304474298343e-13
