3.000000000000000000e+01 -3.668810619677582637e-12 4.905256463548514050e-12
5.000000000000000000e+01 1.282549389419932723e-12 4.013516837324196493e-12
7.000000000000000000e+01 9.724493795092941321e-13 3.113208445423513536e-12
9.000000000000000000e+01 -2.831684483563172585e-13 2.552833236984379701e-12
1.500000000000000000e+02 -1.290721309378593950e-14 1.991215114120419180e-13
2.500000000000000000e+02 4.630408338726605483e-14 1.657524168522616888e-13
3.500000000000000000e+02 4.478943012072023251e-15 1.594222703403574823e-13
4.500000000000000000e+02 -1.071428024639251402e-14 1.386166966911238746e-13
5.500000000000000000e+02 3.529858913176007342e-14 1.333505417026718101e-13
6.500000000000000000e+02 -1.213088742355963767e-14 1.205922567747218843e-13
7.500000000000000000e+02 3.154359122030116584e-15 1.186458813432456053e-13
8.500000000000000000e+02 1.090152182888851881e-14 1.153688271477078634e-13
9.500000000000000000e+02 5.081294273016112050e-15 1.127708319524014808e-13
