3.000000000000000000e+01 -1.819694299715023710e-12 4.744317087432017768e-12
5.000000000000000000e+01 -2.157375002482907598e-12 3.786955759289082599e-12
7.000000000000000000e+01 2.162632951033477894e-12 3.104318470103260584e-12
9.000000000000000000e+01 -1.077692141409776044e-12 2.680942333333734624e-12
1.500000000000000000e+02 -6.998586289393539860e-14 1.899367999826708257e-13
2.500000000000000000e+02 1.930410407843545838e-14 1.613585540646615288e-13
3.500000000000000000e+02 1.375506621289365340e-14 1.517202162510921242e-13
4.500000000000000000e+02 2.890450656026355115e-15 1.394381091563498742e-13
5.500000000000000000e+02 9.972304165320189166e-15 1.205257331650352014e-13
6.500000000000000000e+02 1.683919034029297479e-14 1.194842188737622025e-13
7.500000000000000000e+02 1.995042621432474072e-14 1.232609753508107907e-13
8.500000000000000000e+02 -5.337184865358289179e-15 1.126424084132744421e-13
9.500000000000000000e+02 1.351061194035280315e-14 1.143833013058676449e-13
