3.000000000000000000e+01 4.607280545896449320e-13 4.519262824790367357e-12
5.000000000000000000e+01 1.590959142050475671e-12 3.838920138039579085e-12
7.000000000000000000e+01 -6.160489378829336882e-15 3.230741026552055998e-12
9.000000000000000000e+01 -1.681847224531943719e-13 2.809599800180653691e-12
1.500000000000000000e+02 -4.910026604887692844e-14 1.956263584996452692e-13
2.500000000000000000e+02 4.794743771417057743e-14 1.689173931338896731e-13
3.500000000000000000e+02 -7.826772336147003310e-15 1.563369109396262412e-13
4.500000000000000000e+02 6.172689585330358973e-15 1.370848378253733904e-13
5.500000000000000000e+02 3.389214603706370730e-15 1.258467658163558349e-13
6.500000000000000000e+02 2.327696424535582390e-15 1.331562818338803685e-13
7.500000000000000000e+02 -1.681935449888855240e-14 1.039587552527115622e-13
8.500000000000000000e+02 1.112091808211810220e-14 1.151547966525958633e-13
9.500000000000000000e+02 -8.247050714305768917e-15 1.171570476892588329e-13
