3.000000000000000000e+01 -2.043072224449746945e-12 4.814122986669074251e-12
5.000000000000000000e+01 6.078823143638421433e-13 3.709509242899723540e-12
7.000000000000000000e+01 1.513000576456180023e-12 3.142598447946047402e-12
9.000000000000000000e+01 -1.130778398958575004e-12 2.654446533536317197e-12
1.500000000000000000e+02 -1.798098171261245276e-14 1.957446223732527259e-13
2.500000000000000000e+02 3.224034821181549228e-16 1.745265059957187698e-13
3.500000000000000000e+02 4.042907598255645537e-14 1.562350294205951677e-13
4.500000000000000000e+02 3.166609484137094727e-14 1.370359117132132339e-13
5.500000000000000000e+02 -1.345894126725669983e-14 1.247470450864191383e-13
6.500000000000000000e+02 1.221038704840393139e-14 1.249189302554741972e-13
7.500000000000000000e+02 1.726218607952434338e-14 1.196347881890571297e-13
8.500000000000000000e+02 4.330795460975417157e-15 1.104377149946724455e-13
9.500000000000000000e+02 -1.264116403091593748e-14 1.206382376751122235e-13
