3.000000000000000000e+01 -4.498033624404963448e-13 4.753679714900568440e-12
5.000000000000000000e+01 -2.662759039710500949e-12 3.606378164526991124e-12
7.000000000000000000e+01 1.692491172231532980e-12 3.175172953059921806e-12
9.000000000000000000e+01 -1.347508270294165855e-12 2.767927577309864817e-12
1.500000000000000000e+02 -7.047795292740374594e-14 1.975427932938826255e-13
2.500000000000000000e+02 -7.372477380420194571e-15 1.729485440508153093e-13
3.500000000000000000e+02 8.448856962581752758e-15 1.479912615227433639e-13
4.500000000000000000e+02 3.332208943796450494e-14 1.337267809545199038e-13
5.500000000000000000e+02 3.119775903069933792e-14 1.217151477143259260e-13
6.500000000000000000e+02 8.584283487062518739e-15 1.226307874557656824e-13
7.500000000000000000e+02 1.181165931228203147e-15 1.163512483195859870e-13
8.500000000000000000e+02 4.337265435660818135e-15 1.110421517050259529e-13
9.500000000000000000e+02 -5.085481394915555300e-15 1.121874072520292257e-13
