3.000000000000000000e+01 -3.296010132559157594e-12 4.471519551117147865e-12
5.000000000000000000e+01 -1.919310108942736273e-13 3.772015152028601023e-12
7.000000000000000000e+01 1.709093193269911084e-12 2.955127130812634219e-12
9.000000000000000000e+01 1.274723835383284231e-12 2.714782557208795965e-12
1.500000000000000000e+02 9.613912443250663643e-14 2.072575182008969953e-13
2.500000000000000000e+02 -2.016803268373934582e-15 1.743497698406503120e-13
3.500000000000000000e+02 6.485739617085018166e-16 1.410804693027833197e-13
4.500000000000000000e+02 -1.801650410762293021e-14 1.378302169977452557e-13
5.500000000000000000e+02 -1.081397768025992679e-14 1.316463708102075411e-13
6.500000000000000000e+02 3.448432887908184421e-15 1.166084351121446987e-13
7.500000000000000000e+02 -1.172164570695984352e-14 1.184565200225799785e-13
8.500000000000000000e+02 2.256348429766316285e-16 1.142373238780538454e-13
9.500000000000000000e+02 -1.717503967601271752e-14 1.199354204398035443e-13
