3.000000000000000000e+01 -3.361869928089820541e-12 4.774220440427281194e-12
5.000000000000000000e+01 2.659422953337975561e-12 3.916537980547161472e-12
7.000000000000000000e+01 -2.875129565749856754e-12 3.061061716009280693e-12
9.000000000000000000e+01 -2.719718755763878955e-13 2.759616540870046835e-12
1.500000000000000000e+02 8.895804919742118031e-15 1.968837091336799879e-13
2.500000000000000000e+02 5.186189628037157909e-15 1.637136727409128907e-13
3.500000000000000000e+02 -9.804423337934306448e-15 1.489251184372976697e-13
4.500000000000000000e+02 4.306728834731879791e-14 1.447625645327101194e-13
5.500000000000000000e+02 -9.085109311575630493e-15 1.261287556185051856e-13
6.500000000000000000e+02 7.747805901362271983e-15 1.302813496311657467e-13
7.500000000000000000e+02 -1.716183122576045918e-14 1.224678606469639264e-13
8.500000000000000000e+02 9.664585040980762002e-15 1.165415693219396539e-13
9.500000000000000000e+02 -7.634590582569305738e-15 1.179837839690934328e-13
