3.000000000000000000e+01 2.424611583003025141e-12 4.543043546463363064e-12
5.000000000000000000e+01 1.591276676960224141e-12 3.754670165933730814e-12
7.000000000000000000e+01 -3.779645708621699987e-13 3.074340632326256656e-12
9.000000000000000000e+01 1.307810587879263113e-12 2.711921326803061458e-12
1.500000000000000000e+02 7.635819196439176501e-14 1.851074647973045523e-13
2.500000000000000000e+02 -1.867271349150295340e-14 1.584475361714814079e-13
3.500000000000000000e+02 4.415718718188804991e-14 1.575872438364206712e-13
4.500000000000000000e+02 1.506357873665901980e-14 1.350560680971637409e-13
5.500000000000000000e+02 8.545926528406625850e-15 1.274702070974021634e-13
6.500000000000000000e+02 -7.541699963599116611e-15 1.204640743855569763e-13
7.500000000000000000e+02 -1.232857835442777209e-14 1.143844920193864270e-13
8.500000000000000000e+02 1.678734128282494178e-14 1.156180947091617134e-13
9.500000000000000000e+02 3.942526146939986947e-15 1.132608175261961485e-13
