3.000000000000000000e+01 6.374546541393520721e-13 4.660448442895901796e-12
5.000000000000000000e+01 2.643959248929151332e-13 3.852441002648391056e-12
7.000000000000000000e+01 -9.868602815753948577e-13 2.994954436780948628e-12
9.000000000000000000e+01 1.273961675212134177e-12 2.782508356996614196e-12
1.500000000000000000e+02 2.362584479139013825e-14 1.858226692776979993e-13
2.500000000000000000e+02 -7.731836550998964203e-14 1.664436743071700450e-13
3.500000000000000000e+02 -1.514547371629759935e-14 1.519022642785328111e-13
4.500000000000000000e+02 2.866948996285811521e-14 1.409539743445901945e-13
5.500000000000000000e+02 9.404863059785510087e-15 1.264917244144621850e-13
6.500000000000000000e+02 8.343156271704026675e-15 1.181214369752396308e-13
7.500000000000000000e+02 6.709978335145494082e-15 1.119458067356112950e-13
8.500000000000000000e+02 -9.920807826108852051e-15 1.135258949312164006e-13
9.500000000000000000e+02 -1.746819330845836597e-14 1.125099448027815509e-13
