3.000000000000000000e+01 -2.919361117992704267e-13 4.591384302859584208e-12
5.000000000000000000e+01 5.137854653968729197e-13 3.672004129161645488e-12
7.000000000000000000e+01 -6.205596285604156977e-13 2.979223119862859115e-12
9.000000000000000000e+01 4.065648600908757613e-13 2.756124187780144594e-12
1.500000000000000000e+02 -3.015697445245583268e-14 1.915078071329526037e-13
2.500000000000000000e+02 5.688677236275793660e-17 1.706500867634344738e-13
3.500000000000000000e+02 3.360881196846325396e-14 1.580256758599239054e-13
4.500000000000000000e+02 -2.879549279527345068e-15 1.383265558110561924e-13
5.500000000000000000e+02 1.946660047361615056e-14 1.326245468928444061e-13
6.500000000000000000e+02 -3.241649345393229657e-15 1.236425039950321653e-13
7.500000000000000000e+02 2.303864688419924813e-14 1.170388644718572405e-13
8.500000000000000000e+02 6.467716610559495384e-16 1.131503394339999790e-13
9.500000000000000000e+02 -1.430456800666512445e-14 1.134503408857015084e-13
