3.000000000000000000e+01 1.936182427912589898e-12 4.884414271478796973e-12
5.000000000000000000e+01 5.773525303599569988e-13 3.742175385583843257e-12
7.000000000000000000e+01 2.981897709284683769e-13 3.085640730843824820e-12
9.000000000000000000e+01 -5.993358109505434467e-13 2.620714284420472918e-12
1.500000000000000000e+02 -1.285926611796119450e-13 1.954425134316194700e-13
2.500000000000000000e+02 1.007155386169074924e-14 1.697384132304052107e-13
3.500000000000000000e+02 -2.557390762514845208e-14 1.528804427622631505e-13
4.500000000000000000e+02 -1.578601951554298812e-14 1.371210330153888309e-13
5.500000000000000000e+02 3.278681887666646626e-14 1.283124058983925384e-13
6.500000000000000000e+02 -5.942367097736295091e-15 1.224047178329997970e-13
7.500000000000000000e+02 4.027394638451359651e-15 1.187068059139539939e-13
8.500000000000000000e+02 -1.979212891028753370e-14 1.123787349305333036e-13
9.500000000000000000e+02 -1.759338960232685822e-14 1.126712381472632086e-13
