3.000000000000000000e+01 -2.227797319424456461e-12 4.628255780642184313e-12
5.000000000000000000e+01 -5.165900429642450086e-13 3.747321237595561311e-12
7.000000000000000000e+01 -1.427975856740220200e-12 3.002353152208724733e-12
9.000000000000000000e+01 -1.749723765843650930e-12 2.762990537176099044e-12
1.500000000000000000e+02 -6.963132578367480455e-14 2.057908724401624930e-13
2.500000000000000000e+02 3.945422033740415451e-14 1.698976950735331760e-13
3.500000000000000000e+02 1.329987667720382975e-14 1.610806726946193016e-13
4.500000000000000000e+02 -6.440832164590957855e-16 1.328328462903941441e-13
5.500000000000000000e+02 -3.946936294868263457e-15 1.267674761881469853e-13
6.500000000000000000e+02 2.025701930560336469e-14 1.216869504660330379e-13
7.500000000000000000e+02 -3.600854630758215318e-15 1.211094567322422229e-13
8.500000000000000000e+02 -3.151644926382861937e-14 1.137636275967176345e-13
9.500000000000000000e+02 -2.378606973485777827e-14 1.104814122475790580e-13
