3.000000000000000000e+01 4.349362424213449934e-13 4.388091999803169060e-12
5.000000000000000000e+01 -1.677413937074271454e-12 3.857316148512014528e-12
7.000000000000000000e+01 2.898397581434005849e-13 3.126944013813833723e-12
9.000000000000000000e+01 -8.610024346417497516e-13 2.577889590701216232e-12
1.500000000000000000e+02 7.894000813308895147e-14 1.988957375231797665e-13
2.500000000000000000e+02 6.585098335133914620e-15 1.575198964924710834e-13
3.500000000000000000e+02 2.822051503780940012e-14 1.633603347408609538e-13
4.500000000000000000e+02 -1.726851365814774944e-14 1.363746134740812457e-13
5.500000000000000000e+02 -1.009803398026707024e-14 1.266966527551282560e-13
6.500000000000000000e+02 -4.453488691841165019e-15 1.214163289605781592e-13
7.500000000000000000e+02 1.605360369245304316e-14 1.166034003614435932e-13
8.500000000000000000e+02 -2.770432562832115280e-14 1.151584886813634538e-13
9.500000000000000000e+02 2.070532978355099345e-14 1.117417456616132555e-13
