3.000000000000000000e+01 -1.258839825429609878e-12 4.630616950927667880e-12
5.000000000000000000e+01 3.344077553681579689e-13 3.657049872295998257e-12
7.000000000000000000e+01 -2.668811878791199864e-12 3.102873446381473427e-12
9.000000000000000000e+01 2.528113206018896876e-13 2.522329928077541397e-12
1.500000000000000000e+02 -6.297347557378266958e-14 2.001373232263370699e-13
2.500000000000000000e+02 -1.307566597851699718e-14 1.602463293627051651e-13
3.500000000000000000e+02 -1.981388436542275689e-14 1.560807053749908200e-13
4.500000000000000000e+02 -9.242220205497388329e-15 1.358092273049745579e-13
5.500000000000000000e+02 -2.795902259793954975e-14 1.314714998281006724e-13
6.500000000000000000e+02 4.371496618234825072e-15 1.275001383417723841e-13
7.500000000000000000e+02 -2.378192899517811026e-14 1.147741129698944527e-13
8.500000000000000000e+02 2.958139328463483575e-14 1.125656568597798853e-13
9.500000000000000000e+02 -1.253035589607601406e-15 1.148616051305146107e-13
