3.000000000000000000e+01 -1.475298806894727614e-12 4.770811251754888569e-12
5.000000000000000000e+01 3.404476808487085555e-13 3.858831566833877636e-12
7.000000000000000000e+01 1.581368188836438940e-13 3.043781461637038391e-12
9.000000000000000000e+01 1.288576826034338196e-12 2.647266608909036448e-12
1.500000000000000000e+02 -2.297847943459614455e-14 1.885272142533270309e-13
2.500000000000000000e+02 7.783886014967293001e-14 1.673775076701255153e-13
3.500000000000000000e+02 1.925353138662695703e-14 1.539420804087743445e-13
4.500000000000000000e+02 2.276520167420471828e-14 1.421559042173682141e-13
5.500000000000000000e+02 6.654436608560787898e-15 1.238799564717031836e-13
6.500000000000000000e+02 1.153355991380182877e-14 1.254071476679166465e-13
7.500000000000000000e+02 2.475718288631860780e-14 1.137122898175569768e-13
8.500000000000000000e+02 -7.643676386512080153e-15 1.088871965617620788e-13
9.500000000000000000e+02 -6.798060711022515922e-16 1.116411950994114663e-13
