3.000000000000000000e+01 1.117238770429699376e-12 4.700060843204351955e-12
5.000000000000000000e+01 -8.531484000034767840e-13 3.548245939544521912e-12
7.000000000000000000e+01 1.340296937591620454e-12 3.210246031249972443e-12
9.000000000000000000e+01 5.410723727796269037e-13 2.595945495047478112e-12
1.500000000000000000e+02 -2.027838549862486731e-14 1.953415328889818747e-13
2.500000000000000000e+02 5.845055242401567230e-14 1.738178847835916302e-13
3.500000000000000000e+02 2.124555904038103147e-14 1.560176060572629360e-13
4.500000000000000000e+02 -7.582406258077173598e-15 1.397908174518143165e-13
5.500000000000000000e+02 -8.335758960250946689e-15 1.254512314551056171e-13
6.500000000000000000e+02 1.353271028059012880e-15 1.260499526441857455e-13
7.500000000000000000e+02 -1.140633557033552373e-14 1.260708573731385318e-13
8.500000000000000000e+02 1.736413610109568489e-14 1.220130957645170682e-13
9.500000000000000000e+02 -5.101504963560968871e-16 1.123879216697833140e-13
