3.000000000000000000e+01 3.054052011690577364e-12 4.340155028561882846e-12
5.000000000000000000e+01 -1.181895789944336718e-12 3.586835091540169512e-12
7.000000000000000000e+01 1.075141663386703842e-12 3.213549609607889764e-12
9.000000000000000000e+01 9.697321231984260347e-13 2.714382487216970756e-12
1.500000000000000000e+02 2.076313428719187915e-16 1.938929942435043205e-13
2.500000000000000000e+02 4.073011992662365253e-14 1.699815775857741670e-13
3.500000000000000000e+02 -1.970253379279597904e-14 1.516664142445840652e-13
4.500000000000000000e+02 -1.488878776869836876e-15 1.317192369918267426e-13
5.500000000000000000e+02 1.313723461407192550e-14 1.218669242127203323e-13
6.500000000000000000e+02 2.753061171254223598e-14 1.224856516315255616e-13
7.500000000000000000e+02 -1.606327951443412193e-14 1.191149006086015796e-13
8.500000000000000000e+02 -3.038114467810067027e-14 1.135388357583055484e-13
9.500000000000000000e+02 1.776687151113681684e-15 1.052828980966149152e-13
