3.000000000000000000e+01 -1.019225878955046496e-12 4.694080713689772624e-12
5.000000000000000000e+01 -2.263520639262109170e-12 3.920966467670723357e-12
7.000000000000000000e+01 7.147667087835396203e-13 2.814675094880716793e-12
9.000000000000000000e+01 6.567644840438002797e-13 2.531832870690783384e-12
1.500000000000000000e+02 -9.580856394928915648e-15 2.111625271466654099e-13
2.500000000000000000e+02 -7.551683041150949559e-15 1.701300477274620822e-13
3.500000000000000000e+02 2.993533391253551780e-15 1.490391317202450771e-13
4.500000000000000000e+02 -5.057130861944679433e-14 1.360795181101439001e-13
5.500000000000000000e+02 2.185465900898435204e-15 1.270716782020373460e-13
6.500000000000000000e+02 2.862795819409636239e-14 1.167289508765915004e-13
7.500000000000000000e+02 -8.138631574685771447e-15 1.114020201850193481e-13
8.500000000000000000e+02 1.557402976819861286e-14 1.109452140755683942e-13
9.500000000000000000e+02 -3.495654509923367893e-14 1.159255976205305297e-13
