3.000000000000000000e+01 -1.756159965977749659e-12 4.823548416154042358e-12
5.000000000000000000e+01 1.810828455935736583e-12 3.698669627715032363e-12
7.000000000000000000e+01 -6.251120256077268362e-13 2.928068888308517983e-12
9.000000000000000000e+01 -4.291855401607275262e-13 2.694836498522549055e-12
1.500000000000000000e+02 -1.161915344328898007e-14 2.018736774567109734e-13
2.500000000000000000e+02 -9.005974834322298079e-15 1.601153412235850695e-13
3.500000000000000000e+02 2.789474575726074272e-14 1.573634935166938146e-13
4.500000000000000000e+02 4.289004273448810044e-15 1.337362528643034343e-13
5.500000000000000000e+02 1.078209627752117549e-14 1.239366753469140903e-13
6.500000000000000000e+02 3.705910697138095738e-16 1.158912454015272934e-13
7.500000000000000000e+02 -5.600008366188555776e-15 1.111702852906507143e-13
8.500000000000000000e+02 -1.278315860410840760e-14 1.132365261344105382e-13
9.500000000000000000e+02 3.390552944576612539e-15 1.130735129532407398e-13
