3.000000000000000000e+01 2.975779780501906662e-13 4.640967965206409554e-12
5.000000000000000000e+01 -2.831618497022555746e-14 3.925321795012037402e-12
7.000000000000000000e+01 4.968790887958453528e-13 2.995516938778355122e-12
9.000000000000000000e+01 -1.614204950369546632e-13 2.807201715105177241e-12
1.500000000000000000e+02 -2.162049545169395831e-15 1.986575926028639505e-13
2.500000000000000000e+02 1.552307032853618414e-14 1.686494339363515030e-13
3.500000000000000000e+02 -1.146090433245206736e-14 1.406800530934242256e-13
4.500000000000000000e+02 3.075491414461597253e-16 1.411160946454214230e-13
5.500000000000000000e+02 -7.409588729061290823e-16 1.231942079800256913e-13
6.500000000000000000e+02 8.472331460172537181e-15 1.196596523334893993e-13
7.500000000000000000e+02 1.773901870967784765e-15 1.234594661234363790e-13
8.500000000000000000e+02 -3.431678771889839762e-15 1.151825680218468144e-13
9.500000000000000000e+02 7.712143603083286579e-15 1.235973986086348649e-13
