3.000000000000000000e+01 -2.511434225680723548e-12 4.609358312639549465e-12
5.000000000000000000e+01 -9.049703197143109541e-13 4.010651102774735672e-12
7.000000000000000000e+01 -9.009122963430181138e-13 3.024173890067070465e-12
9.000000000000000000e+01 -2.059954271599042031e-13 2.792794957915245932e-12
1.500000000000000000e+02 6.655797036059995259e-14 1.956631223947404961e-13
2.500000000000000000e+02 4.310972360282067439e-14 1.656453732338154185e-13
3.500000000000000000e+02 -3.632751373972672224e-15 1.493037085098506670e-13
4.500000000000000000e+02 2.091429489006927224e-14 1.416168247369894992e-13
5.500000000000000000e+02 -1.053710869998715576e-14 1.298922362821745019e-13
6.500000000000000000e+02 2.423913493328495781e-14 1.240101975043588658e-13
7.500000000000000000e+02 1.986135463311037199e-14 1.167222412186766359e-13
8.500000000000000000e+02 1.441162297786554743e-14 1.151463431395946573e-13
9.500000000000000000e+02 -1.062706328349974962e-14 1.167258346253587452e-13
