3.000000000000000000e+01 -3.748640663225120790e-12 4.573792798770965153e-12
5.000000000000000000e+01 2.173744905428483020e-12 3.848022052702323500e-12
7.000000000000000000e+01 6.506688757224385899e-14 3.051366611274665830e-12
9.000000000000000000e+01 1.320515273970818701e-12 2.665259402033381957e-12
1.500000000000000000e+02 -6.803233704440744195e-15 2.055389296947644509e-13
2.500000000000000000e+02 6.742520024490116354e-14 1.661324683141670285e-13
3.500000000000000000e+02 5.144827970931832945e-14 1.633941114059513779e-13
4.500000000000000000e+02 -9.173943636932524100e-15 1.393294609075794170e-13
5.500000000000000000e+02 1.041759746174597793e-14 1.278691210893787381e-13
6.500000000000000000e+02 2.790860000219235247e-14 1.253585137078326389e-13
7.500000000000000000e+02 8.109196673198199012e-15 1.198630349508700168e-13
8.500000000000000000e+02 5.150219446427817332e-15 1.112801359409492120e-13
9.500000000000000000e+02 1.010865955430418499e-14 1.148466434672493977e-13
