3.000000000000000000e+01 -2.276223228312341883e-13 4.523978902491977366e-12
5.000000000000000000e+01 2.422345308475648173e-12 3.788142459991163484e-12
7.000000000000000000e+01 -9.988696373908155485e-13 3.096481944459763234e-12
9.000000000000000000e+01 3.191738889640255875e-13 2.629753961900155159e-12
1.500000000000000000e+02 2.169869649667524433e-14 1.942844066965997808e-13
2.500000000000000000e+02 -3.016899067507159884e-14 1.684933322375536884e-13
3.500000000000000000e+02 -2.020155372839278543e-14 1.644896220980296558e-13
4.500000000000000000e+02 3.127360984142100571e-14 1.363694987017439844e-13
5.500000000000000000e+02 1.463615931991159245e-14 1.282071398766762523e-13
6.500000000000000000e+02 1.695307830378105220e-14 1.236806785827419265e-13
7.500000000000000000e+02 -4.885654678698312419e-15 1.203589759577865880e-13
8.500000000000000000e+02 -2.800970474675105021e-15 1.053175160733200949e-13
9.500000000000000000e+02 2.371090154788689023e-15 1.066965046326804441e-13
