3.000000000000000000e+01 -2.537620256295417175e-12 4.789848466139003141e-12
5.000000000000000000e+01 1.448551075310455603e-12 3.896921819247338667e-12
7.000000000000000000e+01 1.850485715927859453e-13 3.363837367023041386e-12
9.000000000000000000e+01 5.366702414868842440e-13 2.608063313809979026e-12
1.500000000000000000e+02 9.908733581697162976e-15 2.034583038214749720e-13
2.500000000000000000e+02 1.242207488954046587e-14 1.662640120701024210e-13
3.500000000000000000e+02 -4.068659803296652254e-15 1.537413425978530246e-13
4.500000000000000000e+02 2.027257337609968450e-14 1.411356081597097754e-13
5.500000000000000000e+02 -3.292799759961041537e-14 1.280916841107277854e-13
6.500000000000000000e+02 2.516369058551952562e-14 1.285480538151197078e-13
7.500000000000000000e+02 1.607858102655578680e-14 1.178547914927584426e-13
8.500000000000000000e+02 -2.171019867000251832e-15 1.160079008602674603e-13
9.500000000000000000e+02 -1.397727140051361764e-14 1.125302580813600014e-13
