3.000000000000000000e+01 1.089251844995930582e-12 4.652811093157597184e-12
5.000000000000000000e+01 2.590187158991506536e-13 3.929168939027427877e-12
7.000000000000000000e+01 1.728478177512753041e-12 3.047839579396638049e-12
9.000000000000000000e+01 -3.782684637165400742e-13 2.534162622844936494e-12
1.500000000000000000e+02 -5.742451075011990077e-14 1.972010202181434673e-13
2.500000000000000000e+02 -7.497419942162442185e-14 1.707468938981855683e-13
3.500000000000000000e+02 2.321135602249202904e-14 1.605908756574198668e-13
4.500000000000000000e+02 -1.436777321557141985e-14 1.438579737448685787e-13
5.500000000000000000e+02 -3.207096983804981179e-15 1.293897705546112171e-13
6.500000000000000000e+02 2.474612259954171855e-14 1.297667133990121984e-13
7.500000000000000000e+02 -1.249418196474300594e-14 1.152923203551991682e-13
8.500000000000000000e+02 -9.560624985153399747e-15 1.136247788721213469e-13
9.500000000000000000e+02 6.896559927801133258e-15 1.066171333669206353e-13
