3.000000000000000000e+01 -2.895852504383763870e-12 4.714428674413499642e-12
5.000000000000000000e+01 2.770848949065110063e-12 3.894928350544160141e-12
7.000000000000000000e+01 -1.247366345733787999e-12 3.155231248289485804e-12
9.000000000000000000e+01 4.853812496344151613e-13 2.725384990636022139e-12
1.500000000000000000e+02 -3.969401945267293819e-14 2.000182393937772861e-13
2.500000000000000000e+02 4.571424130196262761e-15 1.723627505138208341e-13
3.500000000000000000e+02 1.239598751110344537e-14 1.409198072116591912e-13
4.500000000000000000e+02 -1.952837996164478882e-14 1.482672787033030519e-13
5.500000000000000000e+02 -2.634279870676929023e-14 1.284282432045839026e-13
6.500000000000000000e+02 -1.902071062888727745e-14 1.212201883029963027e-13
7.500000000000000000e+02 -2.342450411770210454e-14 1.275259552204495305e-13
8.500000000000000000e+02 -2.179811118771286515e-14 1.124813726178438599e-13
9.500000000000000000e+02 -1.589784981294664575e-14 1.143394155868226021e-13
