3.000000000000000000e+01 1.377516090024983698e-12 5.012930136545009689e-12
5.000000000000000000e+01 -9.458188343446983873e-13 3.474373198688476156e-12
7.000000000000000000e+01 1.821100595361292221e-12 3.111144337028024080e-12
9.000000000000000000e+01 6.705271685927819177e-13 2.703310892394858467e-12
1.500000000000000000e+02 -3.253152587582993399e-14 1.983423336518702676e-13
2.500000000000000000e+02 -3.307099462037236656e-14 1.597996372728912402e-13
3.500000000000000000e+02 2.662575234746028320e-14 1.536815823625115883e-13
4.500000000000000000e+02 1.153901419304545566e-14 1.386025813403642169e-13
5.500000000000000000e+02 -1.771048157888461015e-14 1.313153261874858433e-13
6.500000000000000000e+02 2.912423278884450477e-14 1.230754936859388050e-13
7.500000000000000000e+02 6.217412258241150772e-15 1.173689324319519581e-13
8.500000000000000000e+02 7.450886615148753613e-15 1.171016853548123627e-13
9.500000000000000000e+02 -1.104395689599548987e-14 1.145149584145290253e-13
