3.000000000000000000e+01 -2.293986019979336123e-12 4.451019744763600591e-12
5.000000000000000000e+01 9.833987277718019594e-13 3.872937794809176495e-12
7.000000000000000000e+01 -1.465879934422660903e-12 3.229578818920744116e-12
9.000000000000000000e+01 7.048623728834949713e-13 2.541718465390931738e-12
1.500000000000000000e+02 4.422564224267871458e-15 2.059529486770255414e-13
2.500000000000000000e+02 1.277011161013375221e-14 1.679830393609362229e-13
3.500000000000000000e+02 -2.575106270042495809e-14 1.587844095964810439e-13
4.500000000000000000e+02 -8.241318851442557382e-15 1.462316206250386887e-13
5.500000000000000000e+02 7.987725779381312269e-15 1.323342416378743821e-13
6.500000000000000000e+02 -2.285207759730799008e-14 1.243341450934549414e-13
7.500000000000000000e+02 -2.406668059281640847e-14 1.229794627318170281e-13
8.500000000000000000e+02 -1.323878355616270158e-14 1.145647973245921620e-13
9.500000000000000000e+02 1.354869897994109934e-14 1.127726189470083102e-13
