3.000000000000000000e+01 -4.997667399807942599e-13 4.462961708803677171e-12
5.000000000000000000e+01 -2.388321446298763986e-13 3.530411759976745628e-12
7.000000000000000000e+01 -9.800531956008227549e-14 3.202593119363992148e-12
9.000000000000000000e+01 1.536013081121954972e-13 2.873688571217691236e-12
1.500000000000000000e+02 2.453314461887160949e-14 1.900564506473245120e-13
2.500000000000000000e+02 -2.526942970106850672e-14 1.736802590880284287e-13
3.500000000000000000e+02 2.880778893300333039e-14 1.483918434511348493e-13
4.500000000000000000e+02 2.766260334448048113e-14 1.387212481410846716e-13
5.500000000000000000e+02 6.734134637761463200e-15 1.252634336122591269e-13
6.500000000000000000e+02 1.356312083619172590e-14 1.282607945493327417e-13
7.500000000000000000e+02 1.194238887277159474e-14 1.222315562220901415e-13
8.500000000000000000e+02 1.306767786355781294e-14 1.248290980090580746e-13
9.500000000000000000e+02 -1.894394849634171275e-14 1.132760917579136533e-13
