3.000000000000000000e+01 3.834844725219535417e-13 5.284911872332118985e-12
5.000000000000000000e+01 -2.118503608868240070e-12 3.611777116185746500e-12
7.000000000000000000e+01 -6.164481582772819622e-13 3.089251138445602179e-12
9.000000000000000000e+01 1.482895456146747548e-13 2.673447382941326249e-12
1.500000000000000000e+02 -5.496897747823437560e-15 1.914360315403253965e-13
2.500000000000000000e+02 5.022032273748261374e-14 1.726554943187237965e-13
3.500000000000000000e+02 1.438718267812366744e-14 1.511941019075422365e-13
4.500000000000000000e+02 -2.717193226327612527e-14 1.369365613578851669e-13
5.500000000000000000e+02 1.759972502057388155e-14 1.338783423303709224e-13
6.500000000000000000e+02 1.324870570874140700e-14 1.196747550728612555e-13
7.500000000000000000e+02 -2.217701444812192986e-15 1.183772416904083199e-13
8.500000000000000000e+02 -8.267167743160826220e-15 1.141202904930729102e-13
9.500000000000000000e+02 -9.173569445272353230e-15 1.167988912695480371e-13
