3.000000000000000000e+01 -2.513998757829974222e-12 4.430983826382669102e-12
5.000000000000000000e+01 -1.824626442470658794e-12 3.818912943379199947e-12
7.000000000000000000e+01 7.404725989699700642e-13 3.107081708530350449e-12
9.000000000000000000e+01 1.500710732521075085e-12 2.675892546970447855e-12
1.500000000000000000e+02 2.851431551031133882e-14 1.937677254982508997e-13
2.500000000000000000e+02 2.332516838572560198e-14 1.691432268584792928e-13
3.500000000000000000e+02 -7.820522785992823863e-15 1.578417943658895706e-13
4.500000000000000000e+02 1.051002345540719630e-14 1.515478239942726764e-13
5.500000000000000000e+02 1.867325809743531655e-14 1.283985984737952877e-13
6.500000000000000000e+02 1.474774983239845891e-14 1.270783162893629395e-13
7.500000000000000000e+02 1.013707635885120169e-14 1.141990051839971530e-13
8.500000000000000000e+02 7.918913009772233353e-16 1.141161909155034881e-13
9.500000000000000000e+02 -4.345097580183646014e-15 1.148057115432912959e-13
