3.000000000000000000e+01 -2.740947755048453180e-12 4.712555660114816409e-12
5.000000000000000000e+01 -2.360769422722612959e-12 4.004655366168482374e-12
7.000000000000000000e+01 -1.427532607617066380e-12 3.161624192735728551e-12
9.000000000000000000e+01 -1.197288639452115612e-12 2.708816259799178182e-12
1.500000000000000000e+02 -2.329211740324741059e-14 1.970335326500744628e-13
2.500000000000000000e+02 6.746013123296504938e-15 1.745232159250383212e-13
3.500000000000000000e+02 4.057124431449407703e-16 1.505423682419320130e-13
4.500000000000000000e+02 3.090578217651508770e-15 1.413710218897736271e-13
5.500000000000000000e+02 -8.453888944125403314e-15 1.237014230623526469e-13
6.500000000000000000e+02 3.033912387281761072e-14 1.230902800048453565e-13
7.500000000000000000e+02 8.936087930674913103e-15 1.232177638567984486e-13
8.500000000000000000e+02 5.784327225539443960e-15 1.176162439392355993e-13
9.500000000000000000e+02 -1.416471463356935393e-14 1.090156513060444630e-13
