3.000000000000000000e+01 -1.692895328055891256e-12 4.416810798881962909e-12
5.000000000000000000e+01 -1.719416500168592987e-13 3.769855358351781723e-12
7.000000000000000000e+01 -5.904538091735978293e-13 3.019735607849436011e-12
9.000000000000000000e+01 2.871050102205578882e-13 2.779049611253764899e-12
1.500000000000000000e+02 1.204811312988736829e-14 2.000417325331000728e-13
2.500000000000000000e+02 3.487120617643976462e-14 1.660884200804386787e-13
3.500000000000000000e+02 -1.000637910007560292e-14 1.598522816781169081e-13
4.500000000000000000e+02 -1.262204996376910411e-14 1.378939653139539356e-13
5.500000000000000000e+02 2.470726846195350273e-14 1.256584932273289417e-13
6.500000000000000000e+02 -2.297736880586318728e-14 1.265364943530054067e-13
7.500000000000000000e+02 -4.307494431280217218e-15 1.149179290670087908e-13
8.500000000000000000e+02 -1.782786636343369753e-14 1.136381896623908134e-13
9.500000000000000000e+02 -2.053102593969685987e-14 1.147699839547568985e-13
