3.000000000000000000e+01 2.978784011105471079e-12 4.417146894332749185e-12
5.000000000000000000e+01 1.215700899275966219e-12 3.981424469063182139e-12
7.000000000000000000e+01 5.765808341485335891e-13 3.144853986841666977e-12
9.000000000000000000e+01 -2.390292201703333270e-14 2.525589886411306197e-12
1.500000000000000000e+02 -4.058448307310719509e-14 1.890746128881516076e-13
2.500000000000000000e+02 -1.700267170815605374e-14 1.668703717787111961e-13
3.500000000000000000e+02 6.390482542982655468e-15 1.530230374007269919e-13
4.500000000000000000e+02 -2.533920448619697614e-14 1.311003234632142924e-13
5.500000000000000000e+02 1.148616401319581568e-14 1.231759519220570165e-13
6.500000000000000000e+02 -4.403561869981949845e-15 1.232226675637119348e-13
7.500000000000000000e+02 1.959473315312031705e-14 1.150147924015565068e-13
8.500000000000000000e+02 -3.871219808603456047e-14 1.116058044727622470e-13
9.500000000000000000e+02 -4.584290441904987964e-15 1.117122898632911521e-13
