3.000000000000000000e+01 7.879948961108272425e-13 4.634050260971138573e-12
5.000000000000000000e+01 -1.484274611447900510e-12 3.725169189109973680e-12
7.000000000000000000e+01 -2.015277894122163085e-12 3.059961722374320330e-12
9.000000000000000000e+01 9.662971250127294015e-13 2.706218796318846616e-12
1.500000000000000000e+02 4.391151846892629595e-14 1.837633934418234794e-13
2.500000000000000000e+02 -5.473511088025762651e-15 1.648284886663156020e-13
3.500000000000000000e+02 -1.820827738031308923e-14 1.470941396321018998e-13
4.500000000000000000e+02 -4.103452165283289550e-14 1.416122131606617228e-13
5.500000000000000000e+02 -4.472512048644700876e-15 1.282421148047615667e-13
6.500000000000000000e+02 6.120048660039867261e-14 1.282509004767527691e-13
7.500000000000000000e+02 -2.430950387184296720e-14 1.218479989339610017e-13
8.500000000000000000e+02 -1.469419836787352596e-14 1.109640351966933922e-13
9.500000000000000000e+02 -1.249155146805331902e-14 1.177989139042420241e-13
