3.000000000000000000e+01 -1.108124724004169538e-13 4.378966325577256320e-12
5.000000000000000000e+01 -3.037696445183776569e-13 4.178476593909942355e-12
7.000000000000000000e+01 4.972870191395827725e-13 2.838413869725743776e-12
9.000000000000000000e+01 1.620751599430465297e-13 2.549671209007715623e-12
1.500000000000000000e+02 2.242642110066136231e-15 2.014889740016067298e-13
2.500000000000000000e+02 7.843255027418823925e-15 1.661238420240220696e-13
3.500000000000000000e+02 -3.735726615186278735e-15 1.641640340807566602e-13
4.500000000000000000e+02 -9.295143010465133747e-15 1.293267547137967703e-13
5.500000000000000000e+02 1.739484094746790903e-15 1.268893497928333183e-13
6.500000000000000000e+02 -6.933491601125918579e-15 1.349380236002781773e-13
7.500000000000000000e+02 7.304934366411396959e-15 1.180056344958185013e-13
8.500000000000000000e+02 -5.120588459395039462e-16 1.088301270023033455e-13
9.500000000000000000e+02 5.718838265744939469e-15 1.199336624874462001e-13
