3.000000000000000000e+01 -1.272111265396986475e-12 4.924592658903214773e-12
5.000000000000000000e+01 9.629126251300271825e-13 3.741621668432003095e-12
7.000000000000000000e+01 -2.544239693290376463e-12 3.094334210199504705e-12
9.000000000000000000e+01 -2.348412114816714281e-13 2.726828185529928177e-12
1.500000000000000000e+02 5.521999702352126771e-14 1.874575049464319568e-13
2.500000000000000000e+02 -9.288584818050330151e-15 1.744421055075254701e-13
3.500000000000000000e+02 2.336429756916931870e-14 1.586393088851558225e-13
4.500000000000000000e+02 -6.139273251504207342e-15 1.451155795350520515e-13
5.500000000000000000e+02 -1.295615860087336816e-14 1.313672441114624270e-13
6.500000000000000000e+02 3.571363472018076473e-15 1.294929089679646354e-13
7.500000000000000000e+02 -5.208395945062107737e-15 1.183310826588681201e-13
8.500000000000000000e+02 -1.152125916256465142e-14 1.100192808681925677e-13
9.500000000000000000e+02 9.583116631212366426e-15 1.084536278743793514e-13
