3.000000000000000000e+01 -8.290079458503123910e-13 5.033067905161806224e-12
5.000000000000000000e+01 2.929936975784829414e-12 3.602885961346090216e-12
7.000000000000000000e+01 1.814280244918099749e-12 2.983120691020165151e-12
9.000000000000000000e+01 1.111974584825571830e-13 2.756659133591302203e-12
1.500000000000000000e+02 9.269457195595845836e-15 2.003077004800254876e-13
2.500000000000000000e+02 4.478386143046359786e-14 1.628977802399578946e-13
3.500000000000000000e+02 3.065754378817386363e-14 1.557647870998382739e-13
4.500000000000000000e+02 -3.927952933266359084e-14 1.404584806360748151e-13
5.500000000000000000e+02 1.293037119131542644e-14 1.265935875759428136e-13
6.500000000000000000e+02 -1.236346389772242133e-14 1.237696223194481927e-13
7.500000000000000000e+02 3.541141598719069255e-14 1.215825680145811940e-13
8.500000000000000000e+02 2.071666649439860132e-14 1.166832644623895767e-13
9.500000000000000000e+02 -1.830905807457378763e-14 1.125703081713286878e-13
