3.000000000000000000e+01 3.630536930654828649e-12 4.695993766013016086e-12
5.000000000000000000e+01 1.455493163731807337e-12 3.657579688864790731e-12
7.000000000000000000e+01 -1.734854012162405214e-12 3.024985370131217917e-12
9.000000000000000000e+01 4.244116408608433027e-13 2.707756921535967531e-12
1.500000000000000000e+02 9.029390058763550233e-15 1.978267338406968947e-13
2.500000000000000000e+02 5.096069695142767466e-14 1.727514245842150808e-13
3.500000000000000000e+02 2.080509805910441641e-14 1.577552373316333575e-13
4.500000000000000000e+02 -1.985221829000391125e-14 1.428742411411262200e-13
5.500000000000000000e+02 -1.090186165325522714e-14 1.304786547576426554e-13
6.500000000000000000e+02 -2.631441800321339660e-14 1.224803024456053946e-13
7.500000000000000000e+02 -1.307205036813715567e-15 1.127644009090132883e-13
8.500000000000000000e+02 7.493059095440437300e-15 1.085537835435183819e-13
9.500000000000000000e+02 -2.354033800764838335e-15 1.126011211092989011e-13
