3.000000000000000000e+01 8.072252846147988605e-13 4.417737054918069408e-12
5.000000000000000000e+01 8.224414861381311600e-13 3.805210666597795480e-12
7.000000000000000000e+01 1.605423721004287662e-12 3.033032438398629394e-12
9.000000000000000000e+01 6.189864544865420582e-13 2.718276178321273763e-12
1.500000000000000000e+02 -2.137948812372819231e-15 2.040677133582512815e-13
2.500000000000000000e+02 -2.055359235360172741e-14 1.762578266382040712e-13
3.500000000000000000e+02 2.109638088141425533e-14 1.565713031867452697e-13
4.500000000000000000e+02 7.410816183729860466e-15 1.410616087936027242e-13
5.500000000000000000e+02 1.030543025586446914e-14 1.175652256389191398e-13
6.500000000000000000e+02 -4.522910797275293189e-15 1.222087384593092803e-13
7.500000000000000000e+02 6.269459872508860821e-15 1.159829533928107445e-13
8.500000000000000000e+02 -1.814037965225081739e-14 1.156114339484671183e-13
9.500000000000000000e+02 -1.105967894391968741e-14 1.111291557002419210e-13
