3.000000000000000000e+01 3.878520984938822724e-12 4.670006292481629896e-12
5.000000000000000000e+01 -4.934762465037547252e-13 3.406301620470888338e-12
7.000000000000000000e+01 -1.064340920498746463e-12 3.116956804239217284e-12
9.000000000000000000e+01 8.522820211566976771e-13 2.816086211986070226e-12
1.500000000000000000e+02 8.424926928061032567e-14 1.862785842941629422e-13
2.500000000000000000e+02 -3.109013714006247826e-14 1.648895987109240240e-13
3.500000000000000000e+02 5.228686118957927047e-16 1.511009950691646849e-13
4.500000000000000000e+02 1.921850972549542518e-14 1.420170232836538805e-13
5.500000000000000000e+02 9.723017695734379403e-15 1.236969417039361359e-13
6.500000000000000000e+02 1.781477614558884625e-14 1.265274498316761005e-13
7.500000000000000000e+02 6.546076300637947810e-15 1.191452280839240749e-13
8.500000000000000000e+02 -1.479464600785475650e-14 1.095614650590579237e-13
9.500000000000000000e+02 6.402016379524810412e-15 1.164915465244430382e-13
