3.000000000000000000e+01 -2.956994501653082970e-12 4.659510413260702878e-12
5.000000000000000000e+01 -1.046571163048513761e-12 3.984368404020553575e-12
7.000000000000000000e+01 1.052985731895912240e-12 3.030466753643358864e-12
9.000000000000000000e+01 8.993941084127250182e-13 2.559949071708020367e-12
1.500000000000000000e+02 5.431752811056651026e-14 1.909067654561209526e-13
2.500000000000000000e+02 -5.395811588666150713e-15 1.765575931811297641e-13
3.500000000000000000e+02 1.773572624235180405e-14 1.533165272351339121e-13
4.500000000000000000e+02 1.761816909595556994e-15 1.347821497798528890e-13
5.500000000000000000e+02 -6.735253772346040828e-15 1.213739550946850109e-13
6.500000000000000000e+02 -1.721701246216390191e-14 1.235590484640308302e-13
7.500000000000000000e+02 8.782822472877822709e-15 1.173754354285127989e-13
8.500000000000000000e+02 3.354975396529413525e-15 1.149986722104310083e-13
9.500000000000000000e+02 -4.368731527537363943e-17 1.223078816523762126e-13
