3.000000000000000000e+01 -1.297263326252693112e-12 4.771082756359669769e-12
5.000000000000000000e+01 -7.053018985315459211e-13 4.030610781962124732e-12
7.000000000000000000e+01 5.537639288820503993e-13 2.988571006793775966e-12
9.000000000000000000e+01 5.312798857246460733e-14 2.753815510778410466e-12
1.500000000000000000e+02 -1.183663656798506996e-13 2.108338295102819667e-13
2.500000000000000000e+02 2.241500462317758293e-14 1.789269218006623590e-13
3.500000000000000000e+02 3.007329034786982386e-14 1.505078344424040308e-13
4.500000000000000000e+02 -1.395008814212534726e-14 1.336101156184206620e-13
5.500000000000000000e+02 -1.425522449666085485e-14 1.292937277446160211e-13
6.500000000000000000e+02 1.471839748272492827e-14 1.257897561664458955e-13
7.500000000000000000e+02 -1.036787550726678627e-14 1.242310453197910835e-13
8.500000000000000000e+02 -7.768506894507802324e-15 1.121469149827121075e-13
9.500000000000000000e+02 7.607482454300942888e-15 1.113480226523191828e-13
