3.000000000000000000e+01 -7.455901573062289093e-13 4.741918099554070655e-12
5.000000000000000000e+01 -1.204884233417547864e-12 3.949936299678842598e-12
7.000000000000000000e+01 -5.687869261569868576e-13 3.054415588158707289e-12
9.000000000000000000e+01 -3.173830866543175036e-13 2.640612546585594575e-12
1.500000000000000000e+02 2.848230715704417927e-14 1.936548951224048040e-13
2.500000000000000000e+02 7.905529561096885940e-14 1.698864989834022924e-13
3.500000000000000000e+02 2.118150618414515602e-14 1.547754048630299784e-13
4.500000000000000000e+02 -1.213550428703137372e-14 1.476363119746767294e-13
5.500000000000000000e+02 -2.703202698004167447e-15 1.265527789395180588e-13
6.500000000000000000e+02 -3.142150853073926200e-14 1.259706420071751410e-13
7.500000000000000000e+02 -1.232218448145569387e-14 1.247226467220017385e-13
8.500000000000000000e+02 2.299852631667799085e-15 1.146392416393666729e-13
9.500000000000000000e+02 2.639657290472290863e-14 1.188315056006490531e-13
