3.000000000000000000e+01 1.661511129072574722e-13 4.723565813558204566e-12
5.000000000000000000e+01 1.342245053829862019e-12 3.825951567639586532e-12
7.000000000000000000e+01 -1.882310917789844004e-13 3.152129694059044294e-12
9.000000000000000000e+01 -5.217588232260227416e-13 2.713064679107460677e-12
1.500000000000000000e+02 -2.515816829599380327e-14 1.990835253777858269e-13
2.500000000000000000e+02 5.702931057161346713e-14 1.535907029554089729e-13
3.500000000000000000e+02 -2.593034087219506844e-14 1.561636121359323147e-13
4.500000000000000000e+02 3.742709898552288430e-14 1.339659392964497266e-13
5.500000000000000000e+02 3.682334345318652503e-15 1.191275292321148898e-13
6.500000000000000000e+02 6.614039645411834058e-15 1.170633428358042881e-13
7.500000000000000000e+02 -1.837704411015093135e-14 1.238802899269888497e-13
8.500000000000000000e+02 5.148768459139842364e-15 1.140128613537302731e-13
9.500000000000000000e+02 -8.432706572264422409e-15 1.132852182224548298e-13
