3.000000000000000000e+01 1.583289578230254361e-12 4.908867491281299486e-12
5.000000000000000000e+01 -2.119247881484578880e-12 3.801074599627183790e-12
7.000000000000000000e+01 1.524866049353118796e-12 3.185975660441939135e-12
9.000000000000000000e+01 4.876374836342060351e-13 2.774832312026107019e-12
1.500000000000000000e+02 -5.664184359597694344e-14 1.957767971623072247e-13
2.500000000000000000e+02 -7.226139850193085087e-14 1.600691603572261500e-13
3.500000000000000000e+02 2.924197472791425146e-14 1.512194386137823262e-13
4.500000000000000000e+02 -2.454102175957192407e-14 1.427843805817918268e-13
5.500000000000000000e+02 -7.959666323632426884e-16 1.214315283805797173e-13
6.500000000000000000e+02 7.770046569445821208e-15 1.250305116786164588e-13
7.500000000000000000e+02 2.434692461144779482e-14 1.123259495431573430e-13
8.500000000000000000e+02 1.443238142819009530e-15 1.108604445417448523e-13
9.500000000000000000e+02 2.410960799261231651e-15 1.095747022047381126e-13
