3.000000000000000000e+01 -2.794235219139136661e-12 4.903489634900369177e-12
5.000000000000000000e+01 -1.648023463644127566e-12 3.710849815783562890e-12
7.000000000000000000e+01 1.170892109426063234e-12 2.993923029170427311e-12
9.000000000000000000e+01 9.218083097897577906e-13 2.745528628052655857e-12
1.500000000000000000e+02 5.562642147306374100e-14 1.899661988168242323e-13
2.500000000000000000e+02 2.745571503695989935e-14 1.615518579673469741e-13
3.500000000000000000e+02 -6.779149200424418081e-15 1.630371677989905269e-13
4.500000000000000000e+02 3.338310306362936472e-14 1.467148873109062616e-13
5.500000000000000000e+02 3.933291666226640209e-15 1.314470014134090715e-13
6.500000000000000000e+02 2.463377506850550795e-14 1.226603458294154609e-13
7.500000000000000000e+02 -1.862716443393104804e-14 1.098018357530738713e-13
8.500000000000000000e+02 1.436414448712766990e-16 1.108412584275387413e-13
9.500000000000000000e+02 3.195313771812949917e-14 1.156217301709808379e-13
