3.000000000000000000e+01 -1.808131021725787982e-12 4.775032653981707000e-12
5.000000000000000000e+01 -1.040160804470497156e-12 3.752471652486609336e-12
7.000000000000000000e+01 1.193456222940585723e-12 3.196495320095788409e-12
9.000000000000000000e+01 -9.398334931949042965e-13 2.822669233261594085e-12
1.500000000000000000e+02 -2.132560454965803829e-14 1.961998305439151814e-13
2.500000000000000000e+02 6.982550251856009483e-14 1.640711917590259793e-13
3.500000000000000000e+02 -3.195859530352179135e-14 1.607691751416160410e-13
4.500000000000000000e+02 3.778400779037218814e-14 1.419947329903394792e-13
5.500000000000000000e+02 -1.624226856546349031e-14 1.256024866468207151e-13
6.500000000000000000e+02 2.302495068624424844e-14 1.266561810641368273e-13
7.500000000000000000e+02 -1.765447008217820499e-14 1.173126748790152037e-13
8.500000000000000000e+02 2.086495270962756483e-14 1.078665019814758016e-13
9.500000000000000000e+02 -1.322318741337274628e-14 1.183783274028555638e-13
