3.000000000000000000e+01 1.903948366083797611e-12 4.469140134521136173e-12
5.000000000000000000e+01 -1.317176615486954353e-12 3.670537877325845094e-12
7.000000000000000000e+01 9.168772425728929594e-13 3.010340344276229315e-12
9.000000000000000000e+01 1.008778965732134003e-12 2.736490118174870421e-12
1.500000000000000000e+02 -5.213618766703426724e-14 2.006887300002068608e-13
2.500000000000000000e+02 -4.193924463070245957e-14 1.625909159775237534e-13
3.500000000000000000e+02 1.253088146775220114e-14 1.529786209348153355e-13
4.500000000000000000e+02 1.620339676096775598e-14 1.467154546922625048e-13
5.500000000000000000e+02 -1.092413723247002975e-14 1.269416338276119641e-13
6.500000000000000000e+02 -1.265557581209914862e-15 1.217625193738449042e-13
7.500000000000000000e+02 1.426617428313234505e-15 1.179684688628633276e-13
8.500000000000000000e+02 3.724935057565673302e-15 1.096434647047958812e-13
9.500000000000000000e+02 4.252072824584236354e-15 1.043869554162253634e-13
