3.000000000000000000e+01 -2.295249413688640368e-12 4.801576160840123594e-12
5.000000000000000000e+01 -5.616826248363965455e-13 3.679422451952134823e-12
7.000000000000000000e+01 -8.092352756163281060e-13 3.300633595984739191e-12
9.000000000000000000e+01 9.120019203238513164e-13 2.612011574580095570e-12
1.500000000000000000e+02 -1.451332663453796902e-15 1.971474833860361427e-13
2.500000000000000000e+02 4.058514344204982430e-14 1.593758815046430065e-13
3.500000000000000000e+02 8.388575850876058398e-14 1.543992159490370038e-13
4.500000000000000000e+02 3.836070666602378201e-14 1.382860763501908393e-13
5.500000000000000000e+02 1.069314832708817332e-14 1.249847078136249838e-13
6.500000000000000000e+02 -1.047152064202970370e-14 1.257362254935207166e-13
7.500000000000000000e+02 -2.277596950745196595e-15 1.142685289614313487e-13
8.500000000000000000e+02 -1.297418933488733925e-14 1.130756961778922248e-13
9.500000000000000000e+02 -8.534197927206314670e-15 1.073369513667027364e-13
