3.000000000000000000e+01 7.817105102944185204e-13 4.795557128106406282e-12
5.000000000000000000e+01 -3.127137639074099857e-12 3.593293418209562359e-12
7.000000000000000000e+01 1.898639886767742009e-12 3.115532036148569156e-12
9.000000000000000000e+01 -4.863874575899251116e-13 2.635157396328517215e-12
1.500000000000000000e+02 -9.277983143711175193e-15 1.905008899099182187e-13
2.500000000000000000e+02 -7.983657240703020758e-15 1.694239351114648632e-13
3.500000000000000000e+02 -9.609794520238586522e-15 1.620537182295677128e-13
4.500000000000000000e+02 1.184066275110164948e-14 1.394254913509068663e-13
5.500000000000000000e+02 -2.166736181578604623e-14 1.261789331288839761e-13
6.500000000000000000e+02 -3.129801785580675059e-16 1.223196105469521621e-13
7.500000000000000000e+02 3.291432617712526073e-14 1.212015050772719210e-13
8.500000000000000000e+02 -2.091255146572124913e-14 1.124066613311431328e-13
9.500000000000000000e+02 -5.962120014495977770e-15 1.131308365898597428e-13
