3.000000000000000000e+01 -2.828968651857949679e-12 4.670233857462189554e-12
5.000000000000000000e+01 1.000688398126028921e-12 3.969458719544917942e-12
7.000000000000000000e+01 1.303945242257252613e-12 3.048932355624146143e-12
9.000000000000000000e+01 9.528397309097883017e-13 2.901244713585399257e-12
1.500000000000000000e+02 -6.206463855463833385e-14 1.938130794553094274e-13
2.500000000000000000e+02 7.817182255975773429e-14 1.617379285712426258e-13
3.500000000000000000e+02 -2.046840325386297184e-14 1.565736599088934879e-13
4.500000000000000000e+02 6.085576877765951936e-14 1.363538135595863803e-13
5.500000000000000000e+02 -1.768349292951391416e-14 1.232311138054410108e-13
6.500000000000000000e+02 -5.552588019686146293e-15 1.249895769304488726e-13
7.500000000000000000e+02 2.688217971690102321e-14 1.207478315550525379e-13
8.500000000000000000e+02 -9.782745195524301349e-15 1.134743522475476133e-13
9.500000000000000000e+02 -1.435331136546899937e-14 1.099269446437038970e-13
