3.000000000000000000e+01 -3.791734501249195613e-12 4.534302423054148851e-12
5.000000000000000000e+01 -1.202705193659564768e-12 3.688127345139068730e-12
7.000000000000000000e+01 1.311589307096972031e-12 2.989594458076358585e-12
9.000000000000000000e+01 2.492116552200669303e-12 2.662505028383545629e-12
1.500000000000000000e+02 4.950727322672358193e-15 1.983418893477253664e-13
2.500000000000000000e+02 -3.402372968879135034e-14 1.804999945667046000e-13
3.500000000000000000e+02 2.358528214172690264e-14 1.498311877038215212e-13
4.500000000000000000e+02 2.716357574382726704e-14 1.369322387747090098e-13
5.500000000000000000e+02 1.055036098324096200e-14 1.291942928566908641e-13
6.500000000000000000e+02 6.268253133037502873e-15 1.265614584288075926e-13
7.500000000000000000e+02 1.441301459239602009e-14 1.139187743743236017e-13
8.500000000000000000e+02 -2.321888362208268121e-14 1.149101937103661366e-13
9.500000000000000000e+02 -3.978124781636628391e-15 1.099373624082476020e-13
