3.000000000000000000e+01 -9.053832958647538622e-14 4.570843828271081821e-12
5.000000000000000000e+01 3.586361428094182266e-12 3.706004497545436785e-12
7.000000000000000000e+01 -1.334293900668288014e-12 3.095665316653031109e-12
9.000000000000000000e+01 4.110688332044270292e-14 2.819049063086950129e-12
1.500000000000000000e+02 -3.346301348365685344e-14 1.907211632330582568e-13
2.500000000000000000e+02 5.105827527467035506e-14 1.698864875479581618e-13
3.500000000000000000e+02 -2.054149055575330687e-15 1.504404641693754090e-13
4.500000000000000000e+02 -1.090191307972524993e-14 1.464374725487365488e-13
5.500000000000000000e+02 -1.691403614207857564e-14 1.319099438054847231e-13
6.500000000000000000e+02 1.992557483203032601e-14 1.259329295330548677e-13
7.500000000000000000e+02 -1.282962162425880849e-14 1.204149107022150244e-13
8.500000000000000000e+02 5.623910455053293299e-15 1.133925580925612944e-13
9.500000000000000000e+02 -1.485117280538828422e-14 1.135668773290131362e-13
