3.000000000000000000e+01 1.627068468138289817e-12 4.889691455110295135e-12
5.000000000000000000e+01 -6.541662148302533335e-15 3.905611530235268938e-12
7.000000000000000000e+01 -5.699067322021683637e-13 3.211464626364626245e-12
9.000000000000000000e+01 -3.897969761647460187e-13 2.697595501578649929e-12
1.500000000000000000e+02 5.591036692149146020e-14 1.939126872316923413e-13
2.500000000000000000e+02 1.940088074214538659e-14 1.705122812282991324e-13
3.500000000000000000e+02 4.163308437120371029e-15 1.468971705004195089e-13
4.500000000000000000e+02 4.565370953113901512e-15 1.337494409476410717e-13
5.500000000000000000e+02 2.837632356826214783e-14 1.219814745577983973e-13
6.500000000000000000e+02 -3.133694490647847271e-14 1.261936366694980887e-13
7.500000000000000000e+02 4.034941751513444366e-15 1.052417425397536925e-13
8.500000000000000000e+02 -1.386204496775573945e-14 1.140235044820370060e-13
9.500000000000000000e+02 5.830140530809515269e-15 1.197388839411916708e-13
