3.000000000000000000e+01 -8.781368034539644433e-13 4.675910185905350191e-12
5.000000000000000000e+01 1.612793723145533734e-12 3.855106854232601928e-12
7.000000000000000000e+01 -1.287588501307640789e-12 2.918004512944959824e-12
9.000000000000000000e+01 -1.484921930064621305e-13 2.691374356422136732e-12
1.500000000000000000e+02 -6.938228048448331398e-14 1.905592767151612048e-13
2.500000000000000000e+02 6.235940287110142243e-15 1.657789685011282046e-13
3.500000000000000000e+02 1.381612392611255839e-14 1.466533773526921152e-13
4.500000000000000000e+02 -8.935787057085249412e-15 1.439820317937881709e-13
5.500000000000000000e+02 -3.614572270272193564e-14 1.292419581562622139e-13
6.500000000000000000e+02 4.955798406408198414e-17 1.186239725410028487e-13
7.500000000000000000e+02 -1.677294625666391079e-15 1.163532638863148412e-13
8.500000000000000000e+02 1.360293112148308151e-14 1.100563530584162043e-13
9.500000000000000000e+02 -5.054007228403656303e-15 1.089968832649511676e-13
