3.000000000000000000e+01 -6.767859331250988557e-13 4.889886690796791323e-12
5.000000000000000000e+01 -5.552778579839116321e-13 3.762840793171822161e-12
7.000000000000000000e+01 -2.275975404339564312e-12 3.020989652178697439e-12
9.000000000000000000e+01 2.084536186117387641e-13 2.539710949486274828e-12
1.500000000000000000e+02 3.480693323343028628e-14 1.781321547905118310e-13
2.500000000000000000e+02 2.244365521496470242e-14 1.614059556927537851e-13
3.500000000000000000e+02 7.187784443478124223e-15 1.615404837963786173e-13
4.500000000000000000e+02 -1.074321328431409480e-14 1.433877383244605842e-13
5.500000000000000000e+02 -1.136942071046381228e-14 1.271578621782871126e-13
6.500000000000000000e+02 2.933887767286976534e-16 1.207280883478713240e-13
7.500000000000000000e+02 -1.396036925489682195e-14 1.253534628143610410e-13
8.500000000000000000e+02 5.228715345412179370e-15 1.093556917021580867e-13
9.500000000000000000e+02 1.994479858117087355e-14 1.113668352755565278e-13
