3.000000000000000000e+01 1.874793427435648954e-12 4.722696390071872137e-12
5.000000000000000000e+01 -2.259772541455228898e-13 3.678633301695382531e-12
7.000000000000000000e+01 1.634417685227152534e-12 2.927410832814876094e-12
9.000000000000000000e+01 -7.260040512791416703e-13 2.831667305318307510e-12
1.500000000000000000e+02 2.789562763651180349e-14 1.974078337220134067e-13
2.500000000000000000e+02 -1.709565843044311430e-14 1.732662436191689768e-13
3.500000000000000000e+02 -7.977649091292076794e-15 1.513542174038138061e-13
4.500000000000000000e+02 1.329844271819809684e-14 1.376632137139142340e-13
5.500000000000000000e+02 4.677880528538558753e-15 1.318699017609672470e-13
6.500000000000000000e+02 2.860423278714950087e-14 1.213481319413393347e-13
7.500000000000000000e+02 2.844012159164109106e-14 1.232559818479822382e-13
8.500000000000000000e+02 1.575963021268558468e-14 1.135345807239188516e-13
9.500000000000000000e+02 6.098091676769774878e-15 1.093312158175420089e-13
