3.000000000000000000e+01 -2.357409739807733338e-12 4.510219732718654116e-12
5.000000000000000000e+01 2.815951307355941265e-13 3.980829413231754925e-12
7.000000000000000000e+01 -1.652300680090354049e-13 3.108776442404121178e-12
9.000000000000000000e+01 3.117062131309574843e-13 2.752706902527668586e-12
1.500000000000000000e+02 -2.992624822392761403e-14 1.911446117656334732e-13
2.500000000000000000e+02 -1.691755795593841069e-14 1.736841335717028258e-13
3.500000000000000000e+02 -2.149858430793150019e-15 1.488657445520716294e-13
4.500000000000000000e+02 1.953332682616509353e-14 1.376265425393187496e-13
5.500000000000000000e+02 -1.029053019144915046e-14 1.314357751868239243e-13
6.500000000000000000e+02 5.968797436226325246e-15 1.181815256485325003e-13
7.500000000000000000e+02 -2.633448929061588680e-14 1.159321428583116108e-13
8.500000000000000000e+02 -2.061150190852634098e-14 1.071072731689390461e-13
9.500000000000000000e+02 1.895404687807193341e-14 1.141249144469150814e-13
