3.000000000000000000e+01 3.551590627212951106e-14 4.918662978093256912e-12
5.000000000000000000e+01 -1.795960286519769282e-12 3.978632113836812312e-12
7.000000000000000000e+01 1.618887738427919223e-12 3.187385311132949068e-12
9.000000000000000000e+01 -2.693814591175702696e-12 2.608868420582417977e-12
1.500000000000000000e+02 6.648034547913377278e-14 1.931620663709980788e-13
2.500000000000000000e+02 5.022687556322466636e-14 1.748430273786361009e-13
3.500000000000000000e+02 1.460751060125611631e-14 1.506107563722591866e-13
4.500000000000000000e+02 -1.466110440804053176e-14 1.426269622356134394e-13
5.500000000000000000e+02 4.166985645672496317e-14 1.257743181507009792e-13
6.500000000000000000e+02 1.777068181308068006e-14 1.205311448811585282e-13
7.500000000000000000e+02 2.437516595323318623e-15 1.184548684015294658e-13
8.500000000000000000e+02 2.555986674213629127e-14 1.175260473890628826e-13
9.500000000000000000e+02 5.601628009246232986e-15 1.111643666612865967e-13
