3.000000000000000000e+01 1.285164744733176921e-12 4.535446414094881744e-12
5.000000000000000000e+01 1.166720283334282756e-12 3.722200188091820404e-12
7.000000000000000000e+01 -3.353779699808419943e-13 3.110942700202107137e-12
9.000000000000000000e+01 -1.309524188784467555e-12 2.797197118765382398e-12
1.500000000000000000e+02 -2.663519164486515303e-14 1.947768585307746489e-13
2.500000000000000000e+02 9.263608837580966001e-15 1.679155199510483704e-13
3.500000000000000000e+02 -7.378044896839029011e-16 1.457240679857707251e-13
4.500000000000000000e+02 3.329124143453619151e-14 1.406371969239933786e-13
5.500000000000000000e+02 2.152390377823709492e-14 1.287568663535887077e-13
6.500000000000000000e+02 1.218954031873856133e-14 1.223127574602040977e-13
7.500000000000000000e+02 7.317967699282889632e-15 1.140439090379066053e-13
8.500000000000000000e+02 -2.297706060086692280e-14 1.159969575873858268e-13
9.500000000000000000e+02 -6.764499335672670660e-15 1.077606694522762967e-13
