3.000000000000000000e+01 -2.313383136380060335e-13 4.712542873704839608e-12
5.000000000000000000e+01 -1.094400400451658477e-12 3.886083119949578213e-12
7.000000000000000000e+01 5.071291863330773837e-13 3.102892033973632804e-12
9.000000000000000000e+01 -6.685384438538135974e-13 2.838375149190179574e-12
1.500000000000000000e+02 9.239140788850841728e-14 1.925428763733128281e-13
2.500000000000000000e+02 2.225623491026780157e-14 1.692015968413393066e-13
3.500000000000000000e+02 1.041099663457430657e-14 1.596910850113974365e-13
4.500000000000000000e+02 -4.971713588225359404e-15 1.481593597131345167e-13
5.500000000000000000e+02 6.671800000131454266e-15 1.327111712744032786e-13
6.500000000000000000e+02 6.926149080577685319e-15 1.228760544299379211e-13
7.500000000000000000e+02 3.103621241164279717e-15 1.217520889075457619e-13
8.500000000000000000e+02 4.023536255675257779e-14 1.177827825775894352e-13
9.500000000000000000e+02 -4.158207511695411802e-15 1.185114087971233872e-13
