3.000000000000000000e+01 1.393888214135755678e-13 4.411518088503143370e-12
5.000000000000000000e+01 2.238945860307571823e-12 3.807454711239665727e-12
7.000000000000000000e+01 -1.194953962596467251e-12 3.245363885107913262e-12
9.000000000000000000e+01 1.232190314926357422e-12 2.800581171268153704e-12
1.500000000000000000e+02 2.787097451329753811e-14 1.950358739460454917e-13
2.500000000000000000e+02 -9.472298301679564564e-15 1.681166187886488443e-13
3.500000000000000000e+02 3.157587406221720888e-15 1.646418161465178692e-13
4.500000000000000000e+02 -2.015905388701401283e-16 1.448991378733496410e-13
5.500000000000000000e+02 -1.089056574284636531e-14 1.276751509477255458e-13
6.500000000000000000e+02 1.898319020280104174e-16 1.259396054024784300e-13
7.500000000000000000e+02 1.857301707966214936e-14 1.213985133615722897e-13
8.500000000000000000e+02 -3.223741938477818499e-14 1.108385173341222191e-13
9.500000000000000000e+02 5.527260486322429577e-15 1.177498714378992708e-13
