3.000000000000000000e+01 1.191085058512390372e-12 4.526884114492139443e-12
5.000000000000000000e+01 -8.080979476813010533e-13 3.894356015432763307e-12
7.000000000000000000e+01 1.219447545344024917e-12 3.087528601882087392e-12
9.000000000000000000e+01 2.677104262653962232e-13 2.760437338229937188e-12
1.500000000000000000e+02 2.364020923684918951e-14 1.907097599806952686e-13
2.500000000000000000e+02 2.708595955120735608e-14 1.695421166665011575e-13
3.500000000000000000e+02 2.758832107569752895e-14 1.530414411633126443e-13
4.500000000000000000e+02 -4.269739364023422180e-14 1.303713669134477631e-13
5.500000000000000000e+02 1.100873137116040795e-14 1.230988923649935191e-13
6.500000000000000000e+02 1.777624494781863887e-14 1.271562955970392431e-13
7.500000000000000000e+02 -6.457616203307988115e-15 1.162079131621003970e-13
8.500000000000000000e+02 2.172761276852423210e-14 1.133407496717768670e-13
9.500000000000000000e+02 7.946673318916742125e-15 1.182746085902417471e-13
