3.000000000000000000e+01 -2.783190633937110093e-12 4.624980897562951900e-12
5.000000000000000000e+01 9.329406614468723726e-14 3.869019178963417664e-12
7.000000000000000000e+01 1.459217322352306372e-13 3.170889250002886654e-12
9.000000000000000000e+01 -8.071561269243976789e-13 2.849587590044824788e-12
1.500000000000000000e+02 2.058000766183269204e-14 1.944523726568055862e-13
2.500000000000000000e+02 3.290588160420825607e-14 1.677501030296780125e-13
3.500000000000000000e+02 4.528207311105504589e-14 1.495016694168063246e-13
4.500000000000000000e+02 -8.664420168486898969e-15 1.407255291669706911e-13
5.500000000000000000e+02 -1.069708380356069959e-14 1.334564707264073662e-13
6.500000000000000000e+02 -1.856653855634607992e-14 1.245003145417909886e-13
7.500000000000000000e+02 -3.634219216416220150e-15 1.200391426455183174e-13
8.500000000000000000e+02 -7.839210899264265396e-15 1.147710607879490433e-13
9.500000000000000000e+02 7.892809826347898023e-15 1.132116502966088959e-13
