3.000000000000000000e+01 2.681700620558021259e-12 4.647138907181661341e-12
5.000000000000000000e+01 -8.138749977002712927e-13 3.632276238439716149e-12
7.000000000000000000e+01 1.506382863908962552e-12 3.376787224579481053e-12
9.000000000000000000e+01 1.713486413195201635e-12 2.735880477954929186e-12
1.500000000000000000e+02 -2.049847912191529462e-14 1.927597378562316654e-13
2.500000000000000000e+02 1.519102117047486613e-14 1.790871147590066466e-13
3.500000000000000000e+02 3.044365741156273447e-15 1.529936248417364379e-13
4.500000000000000000e+02 -3.344231881409788280e-15 1.371148296242091413e-13
5.500000000000000000e+02 -1.889486940809728743e-14 1.252625844966997210e-13
6.500000000000000000e+02 1.388987235374638149e-14 1.254719153287008801e-13
7.500000000000000000e+02 -8.231388112501996384e-15 1.216849946885028181e-13
8.500000000000000000e+02 -3.219244843585622234e-15 1.118547692046382473e-13
9.500000000000000000e+02 5.841737382273358900e-15 1.080316286780550209e-13
