3.000000000000000000e+01 -1.004737578287417533e-12 4.666558991023068535e-12
5.000000000000000000e+01 2.925180988593115975e-12 3.829301175011803603e-12
7.000000000000000000e+01 1.941375657685670007e-14 3.132595042536868917e-12
9.000000000000000000e+01 1.353069604139601324e-12 2.611477218813971501e-12
1.500000000000000000e+02 -2.858637826640697050e-14 1.986302023538182617e-13
2.500000000000000000e+02 -2.497417212670888306e-14 1.646969290960092556e-13
3.500000000000000000e+02 -2.175202340794246042e-14 1.601066390546382651e-13
4.500000000000000000e+02 -2.689717647356344762e-15 1.369632615620585142e-13
5.500000000000000000e+02 -1.338303704014245681e-14 1.303427611876363642e-13
6.500000000000000000e+02 2.463518144044149648e-15 1.248642578148977022e-13
7.500000000000000000e+02 3.650211974868050791e-14 1.162614070630789404e-13
8.500000000000000000e+02 -2.396534322623266384e-14 1.147688759977769774e-13
9.500000000000000000e+02 2.385583187360765480e-15 1.139145403894627815e-13
