3.000000000000000000e+01 6.059750248650512837e-13 4.812118161315992782e-12
5.000000000000000000e+01 -1.478430311943728885e-12 3.648742875587726875e-12
7.000000000000000000e+01 8.769831062970875402e-13 3.171780986696097379e-12
9.000000000000000000e+01 1.630880759461050763e-12 2.712841238860250340e-12
1.500000000000000000e+02 -6.020504853820389767e-14 1.899454910753572177e-13
2.500000000000000000e+02 -2.001575992392130378e-14 1.757348485790142968e-13
3.500000000000000000e+02 -2.704933054838337905e-14 1.512843637503285623e-13
4.500000000000000000e+02 -1.716643618677772767e-14 1.393862604047926686e-13
5.500000000000000000e+02 -2.375312388406021876e-14 1.281300462977859895e-13
6.500000000000000000e+02 9.078926021764811335e-15 1.262382852212730604e-13
7.500000000000000000e+02 5.828371226703214059e-15 1.159158905958439034e-13
8.500000000000000000e+02 7.184135655197944149e-15 1.176315733641166489e-13
9.500000000000000000e+02 -9.423860720080362766e-15 1.112629376850225057e-13
