3.000000000000000000e+01 -3.424571623759920398e-13 4.769685690741690912e-12
5.000000000000000000e+01 2.457205332910214617e-12 3.602266697986191106e-12
7.000000000000000000e+01 -1.392787893232794378e-12 3.147010605472905904e-12
9.000000000000000000e+01 -1.030359054198171548e-12 2.783877826214811266e-12
1.500000000000000000e+02 -2.168006044906987334e-13 1.752101054642184325e-13
2.500000000000000000e+02 5.057622178871823133e-14 1.652855555169711659e-13
3.500000000000000000e+02 4.998631721622730801e-14 1.499128485844770730e-13
4.500000000000000000e+02 1.211046163757910625e-14 1.321047416740804429e-13
5.500000000000000000e+02 6.680642095601709219e-15 1.328833601283141824e-13
6.500000000000000000e+02 9.821305663216302100e-15 1.215285532838558977e-13
7.500000000000000000e+02 -6.787003283750835051e-15 1.170366437323519879e-13
8.500000000000000000e+02 -6.673686849309479635e-15 1.139189142124648940e-13
9.500000000000000000e+02 -3.399473538360611504e-15 1.105903345293224506e-13
