5.000000000000000000e+00 5.000000000000000000e+00 5.000000000000000000e+00 0.000000000000000000e+00 0.000000000000000000e+00
6.000000000000000000e+00 6.000000000000000000e+00 6.000000000000000000e+00 1.851319897533585081e-13 1.008620378769582071e-14
7.000000000000000000e+00 7.000000000000000000e+00 7.000000000000000000e+00 0.000000000000000000e+00 0.000000000000000000e+00
8.000000000000000000e+00 8.000000000000000000e+00 8.000000000000000000e+00 1.811467839121540036e-13 1.334453371414691955e-14
9.000000000000000000e+00 9.000000000000000000e+00 9.000000000000000000e+00 0.000000000000000000e+00 0.000000000000000000e+00
1.000000000000000000e+01 1.000000000000000000e+01 1.000000000000000000e+01 1.728160626888977936e-13 1.613655779313189855e-14
1.100000000000000000e+01 1.100000000000000000e+01 1.100000000000000000e+01 0.000000000000000000e+00 0.000000000000000000e+00
1.200000000000000000e+01 1.200000000000000000e+01 1.200000000000000000e+01 1.630966294459903020e-13 1.845155351031405104e-14
1.300000000000000000e+01 1.300000000000000000e+01 1.300000000000000000e+01 0.000000000000000000e+00 0.000000000000000000e+00
1.400000000000000000e+01 1.400000000000000000e+01 1.400000000000000000e+01 1.544843911975485042e-13 2.048439563921939898e-14
1.500000000000000000e+01 1.500000000000000000e+01 1.500000000000000000e+01 0.000000000000000000e+00 0.000000000000000000e+00
1.600000000000000000e+01 1.600000000000000000e+01 1.600000000000000000e+01 1.471473706920659965e-13 2.224849944719412927e-14
1.700000000000000000e+01 1.700000000000000000e+01 1.700000000000000000e+01 0.000000000000000000e+00 0.000000000000000000e+00
1.800000000000000000e+01 1.800000000000000000e+01 1.800000000000000000e+01 1.423597987328089020e-13 2.382927644454811010e-14
1.900000000000000000e+01 1.900000000000000000e+01 1.900000000000000000e+01 0.000000000000000000e+00 0.000000000000000000e+00
2.000000000000000000e+01 2.000000000000000000e+01 2.000000000000000000e+01 1.375704466069819896e-13 2.517439054928286068e-14
2.100000000000000000e+01 2.100000000000000000e+01 2.100000000000000000e+01 0.000000000000000000e+00 0.000000000000000000e+00
2.200000000000000000e+01 2.200000000000000000e+01 2.200000000000000000e+01 1.322800174938731057e-13 2.627749236390131133e-14
2.300000000000000000e+01 2.300000000000000000e+01 2.300000000000000000e+01 0.000000000000000000e+00 0.000000000000000000e+00
2.400000000000000000e+01 2.400000000000000000e+01 2.400000000000000000e+01 1.266007719827569123e-13 2.711297232283844977e-14
2.500000000000000000e+01 2.500000000000000000e+01 2.500000000000000000e+01 0.000000000000000000e+00 0.000000000000000000e+00
2.600000000000000000e+01 2.600000000000000000e+01 2.600000000000000000e+01 1.205175302235747959e-13 2.768153880124975050e-14
2.700000000000000000e+01 2.700000000000000000e+01 2.700000000000000000e+01 0.000000000000000000e+00 0.000000000000000000e+00
2.800000000000000000e+01 2.800000000000000000e+01 2.800000000000000000e+01 1.140769213928235971e-13 2.801154738545912991e-14
2.900000000000000000e+01 2.900000000000000000e+01 2.900000000000000000e+01 0.000000000000000000e+00 0.000000000000000000e+00
3.000000000000000000e+01 3.000000000000000000e+01 3.000000000000000000e+01 1.077082897044679989e-13 2.816397648188360145e-14
3.100000000000000000e+01 3.100000000000000000e+01 3.100000000000000000e+01 0.000000000000000000e+00 0.000000000000000000e+00
3.200000000000000000e+01 3.200000000000000000e+01 3.200000000000000000e+01 1.017896369000703034e-13 2.820368379958052962e-14
3.300000000000000000e+01 3.300000000000000000e+01 3.300000000000000000e+01 0.000000000000000000e+00 0.000000000000000000e+00
3.400000000000000000e+01 3.400000000000000000e+01 3.400000000000000000e+01 9.657727000640916312e-14 2.819365734596437099e-14
3.500000000000000000e+01 3.500000000000000000e+01 3.500000000000000000e+01 0.000000000000000000e+00 0.000000000000000000e+00
3.600000000000000000e+01 3.600000000000000000e+01 3.600000000000000000e+01 9.201579130170186250e-14 2.815401072197524064e-14
3.700000000000000000e+01 3.700000000000000000e+01 3.700000000000000000e+01 0.000000000000000000e+00 0.000000000000000000e+00
3.800000000000000000e+01 3.800000000000000000e+01 3.800000000000000000e+01 8.800381891611378489e-14 2.809560391684569954e-14
3.900000000000000000e+01 3.900000000000000000e+01 3.900000000000000000e+01 0.000000000000000000e+00 0.000000000000000000e+00
4.000000000000000000e+01 4.000000000000000000e+01 4.000000000000000000e+01 8.444888080271146835e-14 2.802162752129245134e-14
4.100000000000000000e+01 4.100000000000000000e+01 4.100000000000000000e+01 0.000000000000000000e+00 0.000000000000000000e+00
4.200000000000000000e+01 4.200000000000000000e+01 4.200000000000000000e+01 8.122809551591919128e-14 2.791794725729148995e-14
4.300000000000000000e+01 4.300000000000000000e+01 4.300000000000000000e+01 0.000000000000000000e+00 0.000000000000000000e+00
4.400000000000000000e+01 4.400000000000000000e+01 4.400000000000000000e+01 7.817465585006573032e-14 2.776608359827698844e-14
4.500000000000000000e+01 4.500000000000000000e+01 4.500000000000000000e+01 0.000000000000000000e+00 0.000000000000000000e+00
4.600000000000000000e+01 4.600000000000000000e+01 4.600000000000000000e+01 7.520622970844345848e-14 2.755458196508858060e-14
4.700000000000000000e+01 4.700000000000000000e+01 4.700000000000000000e+01 0.000000000000000000e+00 0.000000000000000000e+00
4.800000000000000000e+01 4.800000000000000000e+01 4.800000000000000000e+01 7.227771754349416139e-14 2.728231304156680873e-14
4.900000000000000000e+01 4.900000000000000000e+01 4.900000000000000000e+01 0.000000000000000000e+00 0.000000000000000000e+00
5.000000000000000000e+01 5.000000000000000000e+01 5.000000000000000000e+01 6.938788318492015777e-14 2.695568802311036137e-14
5.100000000000000000e+01 5.100000000000000000e+01 5.100000000000000000e+01 0.000000000000000000e+00 0.000000000000000000e+00
5.200000000000000000e+01 5.200000000000000000e+01 5.200000000000000000e+01 6.656207790716198990e-14 2.658598178124376014e-14
5.300000000000000000e+01 5.300000000000000000e+01 5.300000000000000000e+01 0.000000000000000000e+00 0.000000000000000000e+00
5.400000000000000000e+01 5.400000000000000000e+01 5.400000000000000000e+01 6.383011640939048247e-14 2.618478001808060938e-14
5.500000000000000000e+01 5.500000000000000000e+01 5.500000000000000000e+01 0.000000000000000000e+00 0.000000000000000000e+00
5.600000000000000000e+01 5.600000000000000000e+01 5.600000000000000000e+01 6.121521374743062513e-14 2.576267719023211885e-14
5.700000000000000000e+01 5.700000000000000000e+01 5.700000000000000000e+01 0.000000000000000000e+00 0.000000000000000000e+00
5.800000000000000000e+01 5.800000000000000000e+01 5.800000000000000000e+01 5.871866541304393035e-14 2.532558593588293863e-14
5.900000000000000000e+01 5.900000000000000000e+01 5.900000000000000000e+01 0.000000000000000000e+00 0.000000000000000000e+00
6.000000000000000000e+01 6.000000000000000000e+01 6.000000000000000000e+01 5.632597605055260195e-14 2.487449788239578969e-14
6.100000000000000000e+01 6.100000000000000000e+01 6.100000000000000000e+01 0.000000000000000000e+00 0.000000000000000000e+00
6.200000000000000000e+01 6.200000000000000000e+01 6.200000000000000000e+01 5.401958680500210865e-14 2.440868419859835874e-14
6.300000000000000000e+01 6.300000000000000000e+01 6.300000000000000000e+01 0.000000000000000000e+00 0.000000000000000000e+00
6.400000000000000000e+01 6.400000000000000000e+01 6.400000000000000000e+01 5.178928704968699894e-14 2.392845649039942922e-14
6.500000000000000000e+01 6.500000000000000000e+01 6.500000000000000000e+01 0.000000000000000000e+00 0.000000000000000000e+00
6.600000000000000000e+01 6.600000000000000000e+01 6.600000000000000000e+01 4.962942532751419828e-14 2.343422091007491006e-14
6.700000000000000000e+01 6.700000000000000000e+01 6.700000000000000000e+01 0.000000000000000000e+00 0.000000000000000000e+00
6.800000000000000000e+01 6.800000000000000000e+01 6.800000000000000000e+01 4.754801688094597720e-14 2.293022303087938027e-14
6.900000000000000000e+01 6.900000000000000000e+01 6.900000000000000000e+01 0.000000000000000000e+00 0.000000000000000000e+00
7.000000000000000000e+01 7.000000000000000000e+01 7.000000000000000000e+01 4.555050036044863195e-14 2.241973725865027854e-14
7.100000000000000000e+01 7.100000000000000000e+01 7.100000000000000000e+01 0.000000000000000000e+00 0.000000000000000000e+00
7.200000000000000000e+01 7.200000000000000000e+01 7.200000000000000000e+01 4.364828355335615221e-14 2.190784088995588105e-14
7.300000000000000000e+01 7.300000000000000000e+01 7.300000000000000000e+01 0.000000000000000000e+00 0.000000000000000000e+00
7.400000000000000000e+01 7.400000000000000000e+01 7.400000000000000000e+01 4.184982111971934883e-14 2.140030746193420856e-14
7.500000000000000000e+01 7.500000000000000000e+01 7.500000000000000000e+01 0.000000000000000000e+00 0.000000000000000000e+00
7.600000000000000000e+01 7.600000000000000000e+01 7.600000000000000000e+01 4.016079868423748701e-14 2.090288473177856984e-14
7.700000000000000000e+01 7.700000000000000000e+01 7.700000000000000000e+01 0.000000000000000000e+00 0.000000000000000000e+00
7.800000000000000000e+01 7.800000000000000000e+01 7.800000000000000000e+01 3.859779248953036816e-14 2.042502410760658889e-14
7.900000000000000000e+01 7.900000000000000000e+01 7.900000000000000000e+01 0.000000000000000000e+00 0.000000000000000000e+00
8.000000000000000000e+01 8.000000000000000000e+01 8.000000000000000000e+01 3.714889823208742314e-14 1.996687487396999149e-14
8.100000000000000000e+01 8.100000000000000000e+01 8.100000000000000000e+01 0.000000000000000000e+00 0.000000000000000000e+00
8.200000000000000000e+01 8.200000000000000000e+01 8.200000000000000000e+01 3.579885310029226128e-14 1.952688795703727987e-14
8.300000000000000000e+01 8.300000000000000000e+01 8.300000000000000000e+01 0.000000000000000000e+00 0.000000000000000000e+00
8.400000000000000000e+01 8.400000000000000000e+01 8.400000000000000000e+01 3.453778445650327158e-14 1.910488679004656892e-14
8.500000000000000000e+01 8.500000000000000000e+01 8.500000000000000000e+01 0.000000000000000000e+00 0.000000000000000000e+00
8.600000000000000000e+01 8.600000000000000000e+01 8.600000000000000000e+01 3.335727117178045272e-14 1.869915560405781128e-14
8.700000000000000000e+01 8.700000000000000000e+01 8.700000000000000000e+01 0.000000000000000000e+00 0.000000000000000000e+00
8.800000000000000000e+01 8.800000000000000000e+01 8.800000000000000000e+01 3.224900708670650131e-14 1.830697402331162094e-14
8.900000000000000000e+01 8.900000000000000000e+01 8.900000000000000000e+01 0.000000000000000000e+00 0.000000000000000000e+00
9.000000000000000000e+01 9.000000000000000000e+01 9.000000000000000000e+01 3.120512451368954908e-14 1.792563121822635032e-14
9.100000000000000000e+01 9.100000000000000000e+01 9.100000000000000000e+01 0.000000000000000000e+00 0.000000000000000000e+00
9.200000000000000000e+01 9.200000000000000000e+01 9.200000000000000000e+01 3.021949378408823931e-14 1.755292653793333122e-14
9.300000000000000000e+01 9.300000000000000000e+01 9.300000000000000000e+01 0.000000000000000000e+00 0.000000000000000000e+00
9.400000000000000000e+01 9.400000000000000000e+01 9.400000000000000000e+01 2.928720633819140891e-14 1.718719337096346986e-14
9.500000000000000000e+01 9.500000000000000000e+01 9.500000000000000000e+01 0.000000000000000000e+00 0.000000000000000000e+00
9.600000000000000000e+01 9.600000000000000000e+01 9.600000000000000000e+01 2.840329132691994925e-14 1.682705103235638922e-14
9.700000000000000000e+01 9.700000000000000000e+01 9.700000000000000000e+01 0.000000000000000000e+00 0.000000000000000000e+00
9.800000000000000000e+01 9.800000000000000000e+01 9.800000000000000000e+01 2.756095847127044861e-14 1.647179302324085875e-14
9.900000000000000000e+01 9.900000000000000000e+01 9.900000000000000000e+01 0.000000000000000000e+00 0.000000000000000000e+00
1.000000000000000000e+02 1.000000000000000000e+02 1.000000000000000000e+02 2.675175005688257008e-14 1.612046945640551971e-14
1.010000000000000000e+02 1.010000000000000000e+02 1.010000000000000000e+02 0.000000000000000000e+00 0.000000000000000000e+00
1.020000000000000000e+02 1.020000000000000000e+02 1.020000000000000000e+02 2.596758349444478941e-14 1.577207499929898094e-14
1.030000000000000000e+02 1.030000000000000000e+02 1.030000000000000000e+02 0.000000000000000000e+00 0.000000000000000000e+00
1.040000000000000000e+02 1.040000000000000000e+02 1.040000000000000000e+02 2.520482348540735927e-14 1.542677338213829011e-14
1.050000000000000000e+02 1.050000000000000000e+02 1.050000000000000000e+02 0.000000000000000000e+00 0.000000000000000000e+00
1.060000000000000000e+02 1.060000000000000000e+02 1.060000000000000000e+02 2.445284172798108135e-14 1.508253226528395970e-14
1.070000000000000000e+02 1.070000000000000000e+02 1.070000000000000000e+02 0.000000000000000000e+00 0.000000000000000000e+00
1.080000000000000000e+02 1.080000000000000000e+02 1.080000000000000000e+02 2.371092277645912074e-14 1.474014719254061098e-14
1.090000000000000000e+02 1.090000000000000000e+02 1.090000000000000000e+02 0.000000000000000000e+00 0.000000000000000000e+00
1.100000000000000000e+02 1.100000000000000000e+02 1.100000000000000000e+02 2.297503684227252927e-14 1.439824879346842126e-14
1.110000000000000000e+02 1.110000000000000000e+02 1.110000000000000000e+02 0.000000000000000000e+00 0.000000000000000000e+00
1.120000000000000000e+02 1.120000000000000000e+02 1.120000000000000000e+02 2.224943366672540925e-14 1.405792033498691931e-14
1.130000000000000000e+02 1.130000000000000000e+02 1.130000000000000000e+02 0.000000000000000000e+00 0.000000000000000000e+00
1.140000000000000000e+02 1.140000000000000000e+02 1.140000000000000000e+02 2.153530001255549074e-14 1.371946004126902937e-14
1.150000000000000000e+02 1.150000000000000000e+02 1.150000000000000000e+02 0.000000000000000000e+00 0.000000000000000000e+00
1.160000000000000000e+02 1.160000000000000000e+02 1.160000000000000000e+02 2.083544724928856133e-14 1.338350696698530984e-14
1.170000000000000000e+02 1.170000000000000000e+02 1.170000000000000000e+02 0.000000000000000000e+00 0.000000000000000000e+00
1.180000000000000000e+02 1.180000000000000000e+02 1.180000000000000000e+02 2.015596896289827123e-14 1.305197366999228010e-14
1.190000000000000000e+02 1.190000000000000000e+02 1.190000000000000000e+02 0.000000000000000000e+00 0.000000000000000000e+00
1.200000000000000000e+02 1.200000000000000000e+02 1.200000000000000000e+02 1.949890583151799115e-14 1.272557296156773964e-14
1.210000000000000000e+02 1.210000000000000000e+02 1.210000000000000000e+02 0.000000000000000000e+00 0.000000000000000000e+00
1.220000000000000000e+02 1.220000000000000000e+02 1.220000000000000000e+02 1.886622514777792929e-14 1.240569251191520930e-14
1.230000000000000000e+02 1.230000000000000000e+02 1.230000000000000000e+02 0.000000000000000000e+00 0.000000000000000000e+00
1.240000000000000000e+02 1.240000000000000000e+02 1.240000000000000000e+02 1.825912955498161859e-14 1.209371806486561988e-14
1.250000000000000000e+02 1.250000000000000000e+02 1.250000000000000000e+02 0.000000000000000000e+00 0.000000000000000000e+00
1.260000000000000000e+02 1.260000000000000000e+02 1.260000000000000000e+02 1.767733909305337881e-14 1.179042680532294936e-14
1.270000000000000000e+02 1.270000000000000000e+02 1.270000000000000000e+02 0.000000000000000000e+00 0.000000000000000000e+00
1.280000000000000000e+02 1.280000000000000000e+02 1.280000000000000000e+02 1.712171956949590068e-14 1.149685985192705984e-14
1.290000000000000000e+02 1.290000000000000000e+02 1.290000000000000000e+02 0.000000000000000000e+00 0.000000000000000000e+00
1.300000000000000000e+02 1.300000000000000000e+02 1.300000000000000000e+02 1.659119384363457072e-14 1.121332152007991977e-14
1.310000000000000000e+02 1.310000000000000000e+02 1.310000000000000000e+02 0.000000000000000000e+00 0.000000000000000000e+00
1.320000000000000000e+02 1.320000000000000000e+02 1.320000000000000000e+02 1.608586232449643874e-14 1.094031608785882972e-14
1.330000000000000000e+02 1.330000000000000000e+02 1.330000000000000000e+02 0.000000000000000000e+00 0.000000000000000000e+00
1.340000000000000000e+02 1.340000000000000000e+02 1.340000000000000000e+02 1.561079130927705035e-14 1.067987258161335077e-14
1.350000000000000000e+02 1.350000000000000000e+02 1.350000000000000000e+02 0.000000000000000000e+00 0.000000000000000000e+00
1.360000000000000000e+02 1.360000000000000000e+02 1.360000000000000000e+02 1.516196707103367863e-14 1.043017952285272012e-14
1.370000000000000000e+02 1.370000000000000000e+02 1.370000000000000000e+02 0.000000000000000000e+00 0.000000000000000000e+00
1.380000000000000000e+02 1.380000000000000000e+02 1.380000000000000000e+02 1.473724994717604856e-14 1.019020791487075930e-14
1.390000000000000000e+02 1.390000000000000000e+02 1.390000000000000000e+02 0.000000000000000000e+00 0.000000000000000000e+00
1.400000000000000000e+02 1.400000000000000000e+02 1.400000000000000000e+02 1.433545869736124042e-14 9.959292781369840056e-15
1.410000000000000000e+02 1.410000000000000000e+02 1.410000000000000000e+02 0.000000000000000000e+00 0.000000000000000000e+00
1.420000000000000000e+02 1.420000000000000000e+02 1.420000000000000000e+02 1.395573492259585013e-14 9.736969449253142222e-15
1.430000000000000000e+02 1.430000000000000000e+02 1.430000000000000000e+02 0.000000000000000000e+00 0.000000000000000000e+00
1.440000000000000000e+02 1.440000000000000000e+02 1.440000000000000000e+02 1.359631020402894951e-14 9.522631790396659336e-15
1.450000000000000000e+02 1.450000000000000000e+02 1.450000000000000000e+02 0.000000000000000000e+00 0.000000000000000000e+00
1.460000000000000000e+02 1.460000000000000000e+02 1.460000000000000000e+02 1.325500843224677948e-14 9.315758840771087818e-15
1.470000000000000000e+02 1.470000000000000000e+02 1.470000000000000000e+02 0.000000000000000000e+00 0.000000000000000000e+00
1.480000000000000000e+02 1.480000000000000000e+02 1.480000000000000000e+02 1.292972363482208971e-14 9.115802162535600842e-15
1.490000000000000000e+02 1.490000000000000000e+02 1.490000000000000000e+02 0.000000000000000000e+00 0.000000000000000000e+00
1.500000000000000000e+02 1.500000000000000000e+02 1.500000000000000000e+02 1.261843641041382997e-14 8.922196445168790553e-15
1.510000000000000000e+02 1.510000000000000000e+02 1.510000000000000000e+02 0.000000000000000000e+00 0.000000000000000000e+00
1.520000000000000000e+02 1.520000000000000000e+02 1.520000000000000000e+02 1.231932980422581958e-14 8.734428471740893443e-15
1.530000000000000000e+02 1.530000000000000000e+02 1.530000000000000000e+02 0.000000000000000000e+00 0.000000000000000000e+00
1.540000000000000000e+02 1.540000000000000000e+02 1.540000000000000000e+02 1.203084168935785003e-14 8.552004147959132597e-15
1.550000000000000000e+02 1.550000000000000000e+02 1.550000000000000000e+02 0.000000000000000000e+00 0.000000000000000000e+00
1.560000000000000000e+02 1.560000000000000000e+02 1.560000000000000000e+02 1.175180147632383039e-14 8.374323183903464592e-15
1.570000000000000000e+02 1.570000000000000000e+02 1.570000000000000000e+02 0.000000000000000000e+00 0.000000000000000000e+00
1.580000000000000000e+02 1.580000000000000000e+02 1.580000000000000000e+02 1.148138127101718977e-14 8.200884908952489705e-15
1.590000000000000000e+02 1.590000000000000000e+02 1.590000000000000000e+02 0.000000000000000000e+00 0.000000000000000000e+00
1.600000000000000000e+02 1.600000000000000000e+02 1.600000000000000000e+02 1.121896528115117073e-14 8.031283136522234957e-15
1.610000000000000000e+02 1.610000000000000000e+02 1.610000000000000000e+02 0.000000000000000000e+00 0.000000000000000000e+00
1.620000000000000000e+02 1.620000000000000000e+02 1.620000000000000000e+02 1.096418634362253945e-14 7.865224598953251391e-15
1.630000000000000000e+02 1.630000000000000000e+02 1.630000000000000000e+02 0.000000000000000000e+00 0.000000000000000000e+00
1.640000000000000000e+02 1.640000000000000000e+02 1.640000000000000000e+02 1.071687186891981020e-14 7.702492570715058811e-15
1.650000000000000000e+02 1.650000000000000000e+02 1.650000000000000000e+02 0.000000000000000000e+00 0.000000000000000000e+00
1.660000000000000000e+02 1.660000000000000000e+02 1.660000000000000000e+02 1.047688530195617052e-14 7.542905178311120797e-15
1.670000000000000000e+02 1.670000000000000000e+02 1.670000000000000000e+02 0.000000000000000000e+00 0.000000000000000000e+00
1.680000000000000000e+02 1.680000000000000000e+02 1.680000000000000000e+02 1.024404945882461991e-14 7.386408378473634956e-15
1.690000000000000000e+02 1.690000000000000000e+02 1.690000000000000000e+02 0.000000000000000000e+00 0.000000000000000000e+00
1.700000000000000000e+02 1.700000000000000000e+02 1.700000000000000000e+02 1.001787245775040927e-14 7.232937246032713637e-15
1.710000000000000000e+02 1.710000000000000000e+02 1.710000000000000000e+02 0.000000000000000000e+00 0.000000000000000000e+00
1.720000000000000000e+02 1.720000000000000000e+02 1.720000000000000000e+02 9.797906009463998814e-15 7.082492036529273194e-15
1.730000000000000000e+02 1.730000000000000000e+02 1.730000000000000000e+02 0.000000000000000000e+00 0.000000000000000000e+00
1.740000000000000000e+02 1.740000000000000000e+02 1.740000000000000000e+02 9.583671753974731153e-15 6.935035344745701248e-15
1.750000000000000000e+02 1.750000000000000000e+02 1.750000000000000000e+02 0.000000000000000000e+00 0.000000000000000000e+00
1.760000000000000000e+02 1.760000000000000000e+02 1.760000000000000000e+02 9.374795430409455137e-15 6.790568934834688294e-15
1.770000000000000000e+02 1.770000000000000000e+02 1.770000000000000000e+02 0.000000000000000000e+00 0.000000000000000000e+00
1.780000000000000000e+02 1.780000000000000000e+02 1.780000000000000000e+02 9.170969917475822616e-15 6.649109272112661620e-15
1.790000000000000000e+02 1.790000000000000000e+02 1.790000000000000000e+02 0.000000000000000000e+00 0.000000000000000000e+00
1.800000000000000000e+02 1.800000000000000000e+02 1.800000000000000000e+02 8.972069421243664434e-15 6.510670753350317123e-15
1.810000000000000000e+02 1.810000000000000000e+02 1.810000000000000000e+02 0.000000000000000000e+00 0.000000000000000000e+00
1.820000000000000000e+02 1.820000000000000000e+02 1.820000000000000000e+02 8.777908133275644945e-15 6.375203333914169377e-15
1.830000000000000000e+02 1.830000000000000000e+02 1.830000000000000000e+02 0.000000000000000000e+00 0.000000000000000000e+00
1.840000000000000000e+02 1.840000000000000000e+02 1.840000000000000000e+02 8.588368232686894842e-15 6.242703421277342143e-15
1.850000000000000000e+02 1.850000000000000000e+02 1.850000000000000000e+02 0.000000000000000000e+00 0.000000000000000000e+00
1.860000000000000000e+02 1.860000000000000000e+02 1.860000000000000000e+02 8.403506586980094295e-15 6.113215016593027760e-15
1.870000000000000000e+02 1.870000000000000000e+02 1.870000000000000000e+02 0.000000000000000000e+00 0.000000000000000000e+00
1.880000000000000000e+02 1.880000000000000000e+02 1.880000000000000000e+02 8.223338183904738773e-15 5.986783214929558705e-15
1.890000000000000000e+02 1.890000000000000000e+02 1.890000000000000000e+02 0.000000000000000000e+00 0.000000000000000000e+00
1.900000000000000000e+02 1.900000000000000000e+02 1.900000000000000000e+02 8.048286028072934685e-15 5.863702511685155740e-15
1.910000000000000000e+02 1.910000000000000000e+02 1.910000000000000000e+02 0.000000000000000000e+00 0.000000000000000000e+00
1.920000000000000000e+02 1.920000000000000000e+02 1.920000000000000000e+02 7.877279540214138821e-15 5.743609665118403607e-15
1.930000000000000000e+02 1.930000000000000000e+02 1.930000000000000000e+02 0.000000000000000000e+00 0.000000000000000000e+00
1.940000000000000000e+02 1.940000000000000000e+02 1.940000000000000000e+02 7.709512874720731794e-15 5.626268031739278327e-15
1.950000000000000000e+02 1.950000000000000000e+02 1.950000000000000000e+02 0.000000000000000000e+00 0.000000000000000000e+00
1.960000000000000000e+02 1.960000000000000000e+02 1.960000000000000000e+02 7.544552367646314630e-15 5.511530109496308984e-15
1.970000000000000000e+02 1.970000000000000000e+02 1.970000000000000000e+02 0.000000000000000000e+00 0.000000000000000000e+00
1.980000000000000000e+02 1.980000000000000000e+02 1.980000000000000000e+02 7.382549962491371866e-15 5.399387674583099620e-15
1.990000000000000000e+02 1.990000000000000000e+02 1.990000000000000000e+02 0.000000000000000000e+00 0.000000000000000000e+00
2.000000000000000000e+02 2.000000000000000000e+02 2.000000000000000000e+02 7.223136823064749708e-15 5.289620777166989087e-15
2.010000000000000000e+02 2.010000000000000000e+02 2.010000000000000000e+02 0.000000000000000000e+00 0.000000000000000000e+00
2.020000000000000000e+02 2.020000000000000000e+02 2.020000000000000000e+02 7.066512650239619693e-15 5.182268044319441071e-15
2.030000000000000000e+02 2.030000000000000000e+02 2.030000000000000000e+02 0.000000000000000000e+00 0.000000000000000000e+00
2.040000000000000000e+02 2.040000000000000000e+02 2.040000000000000000e+02 6.913751753844199320e-15 5.077468725064240376e-15
2.050000000000000000e+02 2.050000000000000000e+02 2.050000000000000000e+02 0.000000000000000000e+00 0.000000000000000000e+00
2.060000000000000000e+02 2.060000000000000000e+02 2.060000000000000000e+02 6.763996991762429659e-15 4.974980328108837891e-15
2.070000000000000000e+02 2.070000000000000000e+02 2.070000000000000000e+02 0.000000000000000000e+00 0.000000000000000000e+00
2.080000000000000000e+02 2.080000000000000000e+02 2.080000000000000000e+02 6.618085607018699224e-15 4.874687248991669350e-15
2.090000000000000000e+02 2.090000000000000000e+02 2.090000000000000000e+02 0.000000000000000000e+00 0.000000000000000000e+00
2.100000000000000000e+02 2.100000000000000000e+02 2.100000000000000000e+02 6.476024625521092149e-15 4.776623188082657910e-15
2.110000000000000000e+02 2.110000000000000000e+02 2.110000000000000000e+02 0.000000000000000000e+00 0.000000000000000000e+00
2.120000000000000000e+02 2.120000000000000000e+02 2.120000000000000000e+02 6.337571739255944655e-15 4.680984232436575796e-15
2.130000000000000000e+02 2.130000000000000000e+02 2.130000000000000000e+02 0.000000000000000000e+00 0.000000000000000000e+00
2.140000000000000000e+02 2.140000000000000000e+02 2.140000000000000000e+02 6.201871334046065704e-15 4.587651235520336680e-15
2.150000000000000000e+02 2.150000000000000000e+02 2.150000000000000000e+02 0.000000000000000000e+00 0.000000000000000000e+00
2.160000000000000000e+02 2.160000000000000000e+02 2.160000000000000000e+02 6.070294534646293948e-15 4.496496985913027757e-15
2.170000000000000000e+02 2.170000000000000000e+02 2.170000000000000000e+02 0.000000000000000000e+00 0.000000000000000000e+00
2.180000000000000000e+02 2.180000000000000000e+02 2.180000000000000000e+02 5.942636660111624285e-15 4.407630825216720644e-15
2.190000000000000000e+02 2.190000000000000000e+02 2.190000000000000000e+02 0.000000000000000000e+00 0.000000000000000000e+00
2.200000000000000000e+02 2.200000000000000000e+02 2.200000000000000000e+02 5.819457056573730016e-15 4.321284824533271038e-15
2.210000000000000000e+02 2.210000000000000000e+02 2.210000000000000000e+02 0.000000000000000000e+00 0.000000000000000000e+00
2.220000000000000000e+02 2.220000000000000000e+02 2.220000000000000000e+02 5.700574186644996157e-15 4.237208860920492096e-15
2.230000000000000000e+02 2.230000000000000000e+02 2.230000000000000000e+02 0.000000000000000000e+00 0.000000000000000000e+00
2.240000000000000000e+02 2.240000000000000000e+02 2.240000000000000000e+02 5.586204062374230715e-15 4.155573628826764976e-15
2.250000000000000000e+02 2.250000000000000000e+02 2.250000000000000000e+02 0.000000000000000000e+00 0.000000000000000000e+00
2.260000000000000000e+02 2.260000000000000000e+02 2.260000000000000000e+02 5.476442810195178179e-15 4.076320105147949997e-15
2.270000000000000000e+02 2.270000000000000000e+02 2.270000000000000000e+02 0.000000000000000000e+00 0.000000000000000000e+00
2.280000000000000000e+02 2.280000000000000000e+02 2.280000000000000000e+02 5.370970986620050120e-15 3.999512214968045391e-15
2.290000000000000000e+02 2.290000000000000000e+02 2.290000000000000000e+02 0.000000000000000000e+00 0.000000000000000000e+00
2.300000000000000000e+02 2.300000000000000000e+02 2.300000000000000000e+02 5.270064593503377281e-15 3.925083160354112260e-15
2.310000000000000000e+02 2.310000000000000000e+02 2.310000000000000000e+02 0.000000000000000000e+00 0.000000000000000000e+00
2.320000000000000000e+02 2.320000000000000000e+02 2.320000000000000000e+02 5.173021842547663624e-15 3.852934911137272346e-15
2.330000000000000000e+02 2.330000000000000000e+02 2.330000000000000000e+02 0.000000000000000000e+00 0.000000000000000000e+00
2.340000000000000000e+02 2.340000000000000000e+02 2.340000000000000000e+02 5.079656496496854920e-15 3.783296138316435607e-15
2.350000000000000000e+02 2.350000000000000000e+02 2.350000000000000000e+02 0.000000000000000000e+00 0.000000000000000000e+00
2.360000000000000000e+02 2.360000000000000000e+02 2.360000000000000000e+02 4.990452303015234685e-15 3.715972897961506688e-15
2.370000000000000000e+02 2.370000000000000000e+02 2.370000000000000000e+02 0.000000000000000000e+00 0.000000000000000000e+00
2.380000000000000000e+02 2.380000000000000000e+02 2.380000000000000000e+02 4.904713803268149839e-15 3.650848772111761687e-15
2.390000000000000000e+02 2.390000000000000000e+02 2.390000000000000000e+02 0.000000000000000000e+00 0.000000000000000000e+00
2.400000000000000000e+02 2.400000000000000000e+02 2.400000000000000000e+02 4.821559381153642327e-15 3.587886677178879394e-15
2.410000000000000000e+02 2.410000000000000000e+02 2.410000000000000000e+02 0.000000000000000000e+00 0.000000000000000000e+00
2.420000000000000000e+02 2.420000000000000000e+02 2.420000000000000000e+02 4.741448051763885213e-15 3.526919681170756936e-15
2.430000000000000000e+02 2.430000000000000000e+02 2.430000000000000000e+02 0.000000000000000000e+00 0.000000000000000000e+00
2.440000000000000000e+02 2.440000000000000000e+02 2.440000000000000000e+02 4.663504039475970953e-15 3.467731704715323109e-15
2.450000000000000000e+02 2.450000000000000000e+02 2.450000000000000000e+02 0.000000000000000000e+00 0.000000000000000000e+00
2.460000000000000000e+02 2.460000000000000000e+02 2.460000000000000000e+02 4.587597470436063672e-15 3.410350581793895911e-15
2.470000000000000000e+02 2.470000000000000000e+02 2.470000000000000000e+02 0.000000000000000000e+00 0.000000000000000000e+00
2.480000000000000000e+02 2.480000000000000000e+02 2.480000000000000000e+02 4.513873178364238084e-15 3.354657230565121878e-15
2.490000000000000000e+02 2.490000000000000000e+02 2.490000000000000000e+02 0.000000000000000000e+00 0.000000000000000000e+00
2.500000000000000000e+02 2.500000000000000000e+02 2.500000000000000000e+02 4.441393975014061691e-15 3.300366230247441914e-15
2.510000000000000000e+02 2.510000000000000000e+02 2.510000000000000000e+02 0.000000000000000000e+00 0.000000000000000000e+00
2.520000000000000000e+02 2.520000000000000000e+02 2.520000000000000000e+02 4.370270323834580932e-15 3.247540936829523984e-15
2.530000000000000000e+02 2.530000000000000000e+02 2.530000000000000000e+02 0.000000000000000000e+00 0.000000000000000000e+00
2.540000000000000000e+02 2.540000000000000000e+02 2.540000000000000000e+02 4.300847526354684913e-15 3.196047078975763186e-15
2.550000000000000000e+02 2.550000000000000000e+02 2.550000000000000000e+02 0.000000000000000000e+00 0.000000000000000000e+00
2.560000000000000000e+02 2.560000000000000000e+02 2.560000000000000000e+02 4.232613578079250021e-15 3.145644373557725975e-15
2.570000000000000000e+02 2.570000000000000000e+02 2.570000000000000000e+02 0.000000000000000000e+00 0.000000000000000000e+00
2.580000000000000000e+02 2.580000000000000000e+02 2.580000000000000000e+02 4.165461292058224295e-15 3.096420643681696888e-15
2.590000000000000000e+02 2.590000000000000000e+02 2.590000000000000000e+02 0.000000000000000000e+00 0.000000000000000000e+00
2.600000000000000000e+02 2.600000000000000000e+02 2.600000000000000000e+02 4.099569028096705681e-15 3.048096135746338023e-15
2.610000000000000000e+02 2.610000000000000000e+02 2.610000000000000000e+02 0.000000000000000000e+00 0.000000000000000000e+00
2.620000000000000000e+02 2.620000000000000000e+02 2.620000000000000000e+02 4.034804584856925847e-15 3.000835987019444079e-15
2.630000000000000000e+02 2.630000000000000000e+02 2.630000000000000000e+02 0.000000000000000000e+00 0.000000000000000000e+00
2.640000000000000000e+02 2.640000000000000000e+02 2.640000000000000000e+02 3.971305592020698213e-15 2.954399195892660990e-15
2.650000000000000000e+02 2.650000000000000000e+02 2.650000000000000000e+02 0.000000000000000000e+00 0.000000000000000000e+00
2.660000000000000000e+02 2.660000000000000000e+02 2.660000000000000000e+02 3.908720913012925616e-15 2.908648281029943064e-15
2.670000000000000000e+02 2.670000000000000000e+02 2.670000000000000000e+02 0.000000000000000000e+00 0.000000000000000000e+00
2.680000000000000000e+02 2.680000000000000000e+02 2.680000000000000000e+02 3.847172954893076230e-15 2.863742536785068184e-15
2.690000000000000000e+02 2.690000000000000000e+02 2.690000000000000000e+02 0.000000000000000000e+00 0.000000000000000000e+00
2.700000000000000000e+02 2.700000000000000000e+02 2.700000000000000000e+02 3.786432695121092304e-15 2.819311914318877086e-15
2.710000000000000000e+02 2.710000000000000000e+02 2.710000000000000000e+02 0.000000000000000000e+00 0.000000000000000000e+00
2.720000000000000000e+02 2.720000000000000000e+02 2.720000000000000000e+02 3.726894866947538237e-15 2.775671426353057910e-15
2.730000000000000000e+02 2.730000000000000000e+02 2.730000000000000000e+02 0.000000000000000000e+00 0.000000000000000000e+00
2.740000000000000000e+02 2.740000000000000000e+02 2.740000000000000000e+02 3.668336584727605333e-15 2.732499747419808911e-15
2.750000000000000000e+02 2.750000000000000000e+02 2.750000000000000000e+02 0.000000000000000000e+00 0.000000000000000000e+00
2.760000000000000000e+02 2.760000000000000000e+02 2.760000000000000000e+02 3.610874685174347120e-15 2.689901039714476131e-15
2.770000000000000000e+02 2.770000000000000000e+02 2.770000000000000000e+02 0.000000000000000000e+00 0.000000000000000000e+00
2.780000000000000000e+02 2.780000000000000000e+02 2.780000000000000000e+02 3.554467863222670290e-15 2.647919426838785809e-15
2.790000000000000000e+02 2.790000000000000000e+02 2.790000000000000000e+02 0.000000000000000000e+00 0.000000000000000000e+00
2.800000000000000000e+02 2.800000000000000000e+02 2.800000000000000000e+02 3.498966907067583037e-15 2.606325375574887054e-15
2.810000000000000000e+02 2.810000000000000000e+02 2.810000000000000000e+02 0.000000000000000000e+00 0.000000000000000000e+00
2.820000000000000000e+02 2.820000000000000000e+02 2.820000000000000000e+02 3.444627094426413177e-15 2.565469906951242983e-15
2.830000000000000000e+02 2.830000000000000000e+02 2.830000000000000000e+02 0.000000000000000000e+00 0.000000000000000000e+00
2.840000000000000000e+02 2.840000000000000000e+02 2.840000000000000000e+02 3.391031771606059153e-15 2.524937677333228088e-15
2.850000000000000000e+02 2.850000000000000000e+02 2.850000000000000000e+02 0.000000000000000000e+00 0.000000000000000000e+00
2.860000000000000000e+02 2.860000000000000000e+02 2.860000000000000000e+02 3.338439069798905983e-15 2.485161754909458111e-15
2.870000000000000000e+02 2.870000000000000000e+02 2.870000000000000000e+02 0.000000000000000000e+00 0.000000000000000000e+00
2.880000000000000000e+02 2.880000000000000000e+02 2.880000000000000000e+02 3.286624829364793092e-15 2.445801320823124076e-15
2.890000000000000000e+02 2.890000000000000000e+02 2.890000000000000000e+02 0.000000000000000000e+00 0.000000000000000000e+00
2.900000000000000000e+02 2.900000000000000000e+02 2.900000000000000000e+02 3.235658155050286077e-15 2.407116610252722017e-15
2.910000000000000000e+02 2.910000000000000000e+02 2.910000000000000000e+02 0.000000000000000000e+00 0.000000000000000000e+00
2.920000000000000000e+02 2.920000000000000000e+02 2.920000000000000000e+02 3.185595750008714064e-15 2.368978281859465064e-15
2.930000000000000000e+02 2.930000000000000000e+02 2.930000000000000000e+02 0.000000000000000000e+00 0.000000000000000000e+00
2.940000000000000000e+02 2.940000000000000000e+02 2.940000000000000000e+02 3.136298890280103115e-15 2.331450404476860161e-15
2.950000000000000000e+02 2.950000000000000000e+02 2.950000000000000000e+02 0.000000000000000000e+00 0.000000000000000000e+00
2.960000000000000000e+02 2.960000000000000000e+02 2.960000000000000000e+02 3.087722817698151896e-15 2.294574252018483005e-15
2.970000000000000000e+02 2.970000000000000000e+02 2.970000000000000000e+02 0.000000000000000000e+00 0.000000000000000000e+00
2.980000000000000000e+02 2.980000000000000000e+02 2.980000000000000000e+02 3.039841517390726822e-15 2.258265982164560019e-15
2.990000000000000000e+02 2.990000000000000000e+02 2.990000000000000000e+02 0.000000000000000000e+00 0.000000000000000000e+00
3.000000000000000000e+02 3.000000000000000000e+02 3.000000000000000000e+02 2.992728603141972908e-15 2.222695853011091902e-15
3.010000000000000000e+02 3.010000000000000000e+02 3.010000000000000000e+02 0.000000000000000000e+00 0.000000000000000000e+00
3.020000000000000000e+02 3.020000000000000000e+02 3.020000000000000000e+02 2.946274816783629860e-15 2.187681699821734171e-15
3.030000000000000000e+02 3.030000000000000000e+02 3.030000000000000000e+02 0.000000000000000000e+00 0.000000000000000000e+00
3.040000000000000000e+02 3.040000000000000000e+02 3.040000000000000000e+02 2.900472480807238131e-15 2.153429804734400003e-15
3.050000000000000000e+02 3.050000000000000000e+02 3.050000000000000000e+02 0.000000000000000000e+00 0.000000000000000000e+00
3.060000000000000000e+02 3.060000000000000000e+02 3.060000000000000000e+02 2.855264611016684855e-15 2.119742164680705010e-15
3.070000000000000000e+02 3.070000000000000000e+02 3.070000000000000000e+02 0.000000000000000000e+00 0.000000000000000000e+00
3.080000000000000000e+02 3.080000000000000000e+02 3.080000000000000000e+02 2.810773575354506067e-15 2.086820942854567028e-15
3.090000000000000000e+02 3.090000000000000000e+02 3.090000000000000000e+02 0.000000000000000000e+00 0.000000000000000000e+00
3.100000000000000000e+02 3.100000000000000000e+02 3.100000000000000000e+02 2.766971013698511926e-15 2.054472217066274047e-15
3.110000000000000000e+02 3.110000000000000000e+02 3.110000000000000000e+02 0.000000000000000000e+00 0.000000000000000000e+00
3.120000000000000000e+02 3.120000000000000000e+02 3.120000000000000000e+02 2.723999737758025887e-15 2.022893263430785093e-15
3.130000000000000000e+02 3.130000000000000000e+02 3.130000000000000000e+02 0.000000000000000000e+00 0.000000000000000000e+00
3.140000000000000000e+02 3.140000000000000000e+02 3.140000000000000000e+02 2.681862062675573006e-15 1.991899099304608905e-15
3.150000000000000000e+02 3.150000000000000000e+02 3.150000000000000000e+02 0.000000000000000000e+00 0.000000000000000000e+00
3.160000000000000000e+02 3.160000000000000000e+02 3.160000000000000000e+02 2.640579049079748966e-15 1.961664690947569813e-15
3.170000000000000000e+02 3.170000000000000000e+02 3.170000000000000000e+02 0.000000000000000000e+00 0.000000000000000000e+00
3.180000000000000000e+02 3.180000000000000000e+02 3.180000000000000000e+02 2.600217806084811814e-15 1.932027019542564118e-15
3.190000000000000000e+02 3.190000000000000000e+02 3.190000000000000000e+02 0.000000000000000000e+00 0.000000000000000000e+00
3.200000000000000000e+02 3.200000000000000000e+02 3.200000000000000000e+02 2.560748930451274826e-15 1.903126587966797837e-15
3.210000000000000000e+02 3.210000000000000000e+02 3.210000000000000000e+02 0.000000000000000000e+00 0.000000000000000000e+00
3.220000000000000000e+02 3.220000000000000000e+02 3.220000000000000000e+02 2.522270063889222955e-15 1.874830392992554953e-15
3.230000000000000000e+02 3.230000000000000000e+02 3.230000000000000000e+02 0.000000000000000000e+00 0.000000000000000000e+00
3.240000000000000000e+02 3.240000000000000000e+02 3.240000000000000000e+02 2.484715063934474111e-15 1.847246136087287869e-15
3.250000000000000000e+02 3.250000000000000000e+02 3.250000000000000000e+02 0.000000000000000000e+00 0.000000000000000000e+00
3.260000000000000000e+02 3.260000000000000000e+02 3.260000000000000000e+02 2.448209824067538040e-15 1.820272862576737008e-15
3.270000000000000000e+02 3.270000000000000000e+02 3.270000000000000000e+02 0.000000000000000000e+00 0.000000000000000000e+00
3.280000000000000000e+02 3.280000000000000000e+02 3.280000000000000000e+02 2.412632409750382991e-15 1.793975045532263898e-15
3.290000000000000000e+02 3.290000000000000000e+02 3.290000000000000000e+02 0.000000000000000000e+00 0.000000000000000000e+00
3.300000000000000000e+02 3.300000000000000000e+02 3.300000000000000000e+02 2.378138424248663938e-15 1.768289281534638090e-15
3.310000000000000000e+02 3.310000000000000000e+02 3.310000000000000000e+02 0.000000000000000000e+00 0.000000000000000000e+00
3.320000000000000000e+02 3.320000000000000000e+02 3.320000000000000000e+02 2.344545059102247011e-15 1.743229407016645041e-15
3.330000000000000000e+02 3.330000000000000000e+02 3.330000000000000000e+02 0.000000000000000000e+00 0.000000000000000000e+00
3.340000000000000000e+02 3.340000000000000000e+02 3.340000000000000000e+02 2.312042565861531883e-15 1.718786638676994950e-15
3.350000000000000000e+02 3.350000000000000000e+02 3.350000000000000000e+02 0.000000000000000000e+00 0.000000000000000000e+00
3.360000000000000000e+02 3.360000000000000000e+02 3.360000000000000000e+02 2.280315209647417060e-15 1.694909170024884928e-15
3.370000000000000000e+02 3.370000000000000000e+02 3.370000000000000000e+02 0.000000000000000000e+00 0.000000000000000000e+00
3.380000000000000000e+02 3.380000000000000000e+02 3.380000000000000000e+02 2.249587394809462099e-15 1.671654439618496065e-15
3.390000000000000000e+02 3.390000000000000000e+02 3.390000000000000000e+02 0.000000000000000000e+00 0.000000000000000000e+00
3.400000000000000000e+02 3.400000000000000000e+02 3.400000000000000000e+02 2.219483895567409915e-15 1.648892073841233025e-15
3.410000000000000000e+02 3.410000000000000000e+02 3.410000000000000000e+02 0.000000000000000000e+00 0.000000000000000000e+00
3.420000000000000000e+02 3.420000000000000000e+02 3.420000000000000000e+02 2.190282622477555809e-15 1.626758312234056982e-15
3.430000000000000000e+02 3.430000000000000000e+02 3.430000000000000000e+02 0.000000000000000000e+00 0.000000000000000000e+00
3.440000000000000000e+02 3.440000000000000000e+02 3.440000000000000000e+02 2.161682349099148875e-15 1.605029546939061968e-15
3.450000000000000000e+02 3.450000000000000000e+02 3.450000000000000000e+02 0.000000000000000000e+00 0.000000000000000000e+00
3.460000000000000000e+02 3.460000000000000000e+02 3.460000000000000000e+02 2.133882844494571056e-15 1.583930614198068035e-15
3.470000000000000000e+02 3.470000000000000000e+02 3.470000000000000000e+02 0.000000000000000000e+00 0.000000000000000000e+00
3.480000000000000000e+02 3.480000000000000000e+02 3.480000000000000000e+02 2.106576406248799809e-15 1.563176665369274960e-15
3.490000000000000000e+02 3.490000000000000000e+02 3.490000000000000000e+02 0.000000000000000000e+00 0.000000000000000000e+00
3.500000000000000000e+02 3.500000000000000000e+02 3.500000000000000000e+02 2.079965280803397852e-15 1.543002993888491908e-15
3.510000000000000000e+02 3.510000000000000000e+02 3.510000000000000000e+02 0.000000000000000000e+00 0.000000000000000000e+00
3.520000000000000000e+02 3.520000000000000000e+02 3.520000000000000000e+02 2.053778789508066967e-15 1.523152679730733000e-15
3.530000000000000000e+02 3.530000000000000000e+02 3.530000000000000000e+02 0.000000000000000000e+00 0.000000000000000000e+00
3.540000000000000000e+02 3.540000000000000000e+02 3.540000000000000000e+02 2.028157529155386998e-15 1.503802962942375998e-15
3.550000000000000000e+02 3.550000000000000000e+02 3.550000000000000000e+02 0.000000000000000000e+00 0.000000000000000000e+00
3.560000000000000000e+02 3.560000000000000000e+02 3.560000000000000000e+02 2.002933804794798043e-15 1.484793383798437041e-15
3.570000000000000000e+02 3.570000000000000000e+02 3.570000000000000000e+02 0.000000000000000000e+00 0.000000000000000000e+00
3.580000000000000000e+02 3.580000000000000000e+02 3.580000000000000000e+02 1.978007874445517911e-15 1.466130733325641040e-15
3.590000000000000000e+02 3.590000000000000000e+02 3.590000000000000000e+02 0.000000000000000000e+00 0.000000000000000000e+00
3.600000000000000000e+02 3.600000000000000000e+02 3.600000000000000000e+02 1.953511203792852153e-15 1.447846806289062057e-15
3.610000000000000000e+02 3.610000000000000000e+02 3.610000000000000000e+02 0.000000000000000000e+00 0.000000000000000000e+00
3.620000000000000000e+02 3.620000000000000000e+02 3.620000000000000000e+02 1.929169518572662921e-15 1.429802314218349933e-15
3.630000000000000000e+02 3.630000000000000000e+02 3.630000000000000000e+02 0.000000000000000000e+00 0.000000000000000000e+00
3.640000000000000000e+02 3.640000000000000000e+02 3.640000000000000000e+02 1.905274486367403087e-15 1.412151490066797989e-15
3.650000000000000000e+02 3.650000000000000000e+02 3.650000000000000000e+02 0.000000000000000000e+00 0.000000000000000000e+00
3.660000000000000000e+02 3.660000000000000000e+02 3.660000000000000000e+02 1.881571033646482058e-15 1.394676653332906979e-15
3.670000000000000000e+02 3.670000000000000000e+02 3.670000000000000000e+02 0.000000000000000000e+00 0.000000000000000000e+00
3.680000000000000000e+02 3.680000000000000000e+02 3.680000000000000000e+02 1.858283698868765986e-15 1.377561184717710097e-15
3.690000000000000000e+02 3.690000000000000000e+02 3.690000000000000000e+02 0.000000000000000000e+00 0.000000000000000000e+00
3.700000000000000000e+02 3.700000000000000000e+02 3.700000000000000000e+02 1.835214978190960099e-15 1.360634393024631927e-15
3.710000000000000000e+02 3.710000000000000000e+02 3.710000000000000000e+02 0.000000000000000000e+00 0.000000000000000000e+00
3.720000000000000000e+02 3.720000000000000000e+02 3.720000000000000000e+02 1.812427781704943138e-15 1.343942250960852986e-15
3.730000000000000000e+02 3.730000000000000000e+02 3.730000000000000000e+02 0.000000000000000000e+00 0.000000000000000000e+00
3.740000000000000000e+02 3.740000000000000000e+02 3.740000000000000000e+02 1.790004251465595016e-15 1.327506137174245071e-15
3.750000000000000000e+02 3.750000000000000000e+02 3.750000000000000000e+02 0.000000000000000000e+00 0.000000000000000000e+00
3.760000000000000000e+02 3.760000000000000000e+02 3.760000000000000000e+02 1.767756517996554995e-15 1.311214283475910948e-15
3.770000000000000000e+02 3.770000000000000000e+02 3.770000000000000000e+02 0.000000000000000000e+00 0.000000000000000000e+00
3.780000000000000000e+02 3.780000000000000000e+02 3.780000000000000000e+02 1.745944820211124074e-15 1.295206454634984045e-15
3.790000000000000000e+02 3.790000000000000000e+02 3.790000000000000000e+02 0.000000000000000000e+00 0.000000000000000000e+00
3.800000000000000000e+02 3.800000000000000000e+02 3.800000000000000000e+02 1.724403769571932999e-15 1.279334255952962952e-15
3.810000000000000000e+02 3.810000000000000000e+02 3.810000000000000000e+02 0.000000000000000000e+00 0.000000000000000000e+00
3.820000000000000000e+02 3.820000000000000000e+02 3.820000000000000000e+02 1.703234397649646979e-15 1.263682283450466003e-15
3.830000000000000000e+02 3.830000000000000000e+02 3.830000000000000000e+02 0.000000000000000000e+00 0.000000000000000000e+00
3.840000000000000000e+02 3.840000000000000000e+02 3.840000000000000000e+02 1.682454852937649054e-15 1.248226259770661031e-15
3.850000000000000000e+02 3.850000000000000000e+02 3.850000000000000000e+02 0.000000000000000000e+00 0.000000000000000000e+00
3.860000000000000000e+02 3.860000000000000000e+02 3.860000000000000000e+02 1.661931675789922971e-15 1.232888839855619930e-15
3.870000000000000000e+02 3.870000000000000000e+02 3.870000000000000000e+02 0.000000000000000000e+00 0.000000000000000000e+00
3.880000000000000000e+02 3.880000000000000000e+02 3.880000000000000000e+02 1.641901009127460016e-15 1.217810448609511052e-15
3.890000000000000000e+02 3.890000000000000000e+02 3.890000000000000000e+02 0.000000000000000000e+00 0.000000000000000000e+00
3.900000000000000000e+02 3.900000000000000000e+02 3.900000000000000000e+02 1.622208111514339924e-15 1.202853455590074052e-15
3.910000000000000000e+02 3.910000000000000000e+02 3.910000000000000000e+02 0.000000000000000000e+00 0.000000000000000000e+00
3.920000000000000000e+02 3.920000000000000000e+02 3.920000000000000000e+02 1.602853323550518964e-15 1.188082920610983063e-15
3.930000000000000000e+02 3.930000000000000000e+02 3.930000000000000000e+02 0.000000000000000000e+00 0.000000000000000000e+00
3.940000000000000000e+02 3.940000000000000000e+02 3.940000000000000000e+02 1.583958358588304918e-15 1.173518701744048028e-15
3.950000000000000000e+02 3.950000000000000000e+02 3.950000000000000000e+02 0.000000000000000000e+00 0.000000000000000000e+00
3.960000000000000000e+02 3.960000000000000000e+02 3.960000000000000000e+02 1.565230371480077917e-15 1.159034351967955944e-15
3.970000000000000000e+02 3.970000000000000000e+02 3.970000000000000000e+02 0.000000000000000000e+00 0.000000000000000000e+00
3.980000000000000000e+02 3.980000000000000000e+02 3.980000000000000000e+02 1.546980303994182909e-15 1.144807194989174926e-15
3.990000000000000000e+02 3.990000000000000000e+02 3.990000000000000000e+02 0.000000000000000000e+00 0.000000000000000000e+00
4.000000000000000000e+02 4.000000000000000000e+02 4.000000000000000000e+02 1.529059131035120994e-15 1.130706127091065052e-15
4.010000000000000000e+02 4.010000000000000000e+02 4.010000000000000000e+02 0.000000000000000000e+00 0.000000000000000000e+00
4.020000000000000000e+02 4.020000000000000000e+02 4.020000000000000000e+02 1.511375057878356051e-15 1.116749650015318019e-15
4.030000000000000000e+02 4.030000000000000000e+02 4.030000000000000000e+02 0.000000000000000000e+00 0.000000000000000000e+00
4.040000000000000000e+02 4.040000000000000000e+02 4.040000000000000000e+02 1.494201192404444968e-15 1.103025586276022061e-15
4.050000000000000000e+02 4.050000000000000000e+02 4.050000000000000000e+02 0.000000000000000000e+00 0.000000000000000000e+00
4.060000000000000000e+02 4.060000000000000000e+02 4.060000000000000000e+02 1.477137975451757909e-15 1.089363878746866947e-15
4.070000000000000000e+02 4.070000000000000000e+02 4.070000000000000000e+02 0.000000000000000000e+00 0.000000000000000000e+00
4.080000000000000000e+02 4.080000000000000000e+02 4.080000000000000000e+02 1.460513317956520053e-15 1.075938263337929043e-15
4.090000000000000000e+02 4.090000000000000000e+02 4.090000000000000000e+02 0.000000000000000000e+00 0.000000000000000000e+00
4.100000000000000000e+02 4.100000000000000000e+02 4.100000000000000000e+02 1.444272444430278986e-15 1.062676643225963996e-15
4.110000000000000000e+02 4.110000000000000000e+02 4.110000000000000000e+02 0.000000000000000000e+00 0.000000000000000000e+00
4.120000000000000000e+02 4.120000000000000000e+02 4.120000000000000000e+02 1.428148195277428056e-15 1.049502157182827035e-15
4.130000000000000000e+02 4.130000000000000000e+02 4.130000000000000000e+02 0.000000000000000000e+00 0.000000000000000000e+00
4.140000000000000000e+02 4.140000000000000000e+02 4.140000000000000000e+02 1.412592265216705938e-15 1.036589898129871084e-15
4.150000000000000000e+02 4.150000000000000000e+02 4.150000000000000000e+02 0.000000000000000000e+00 0.000000000000000000e+00
4.160000000000000000e+02 4.160000000000000000e+02 4.160000000000000000e+02 1.397187463572441011e-15 1.023770015831438949e-15
4.170000000000000000e+02 4.170000000000000000e+02 4.170000000000000000e+02 0.000000000000000000e+00 0.000000000000000000e+00
4.180000000000000000e+02 4.180000000000000000e+02 4.180000000000000000e+02 1.382092724895577933e-15 1.011123361392843912e-15
4.190000000000000000e+02 4.190000000000000000e+02 4.190000000000000000e+02 0.000000000000000000e+00 0.000000000000000000e+00
4.200000000000000000e+02 4.200000000000000000e+02 4.200000000000000000e+02 1.367474712095111078e-15 9.986872522374611396e-16
4.210000000000000000e+02 4.210000000000000000e+02 4.210000000000000000e+02 0.000000000000000000e+00 0.000000000000000000e+00
4.220000000000000000e+02 4.220000000000000000e+02 4.220000000000000000e+02 1.352980347192666974e-15 9.863371588965195619e-16
4.230000000000000000e+02 4.230000000000000000e+02 4.230000000000000000e+02 0.000000000000000000e+00 0.000000000000000000e+00
4.240000000000000000e+02 4.240000000000000000e+02 4.240000000000000000e+02 1.338971133791289902e-15 9.742119183444733880e-16
4.250000000000000000e+02 4.250000000000000000e+02 4.250000000000000000e+02 0.000000000000000000e+00 0.000000000000000000e+00
4.260000000000000000e+02 4.260000000000000000e+02 4.260000000000000000e+02 1.325283938180897986e-15 9.622512299336094486e-16
4.270000000000000000e+02 4.270000000000000000e+02 4.270000000000000000e+02 0.000000000000000000e+00 0.000000000000000000e+00
4.280000000000000000e+02 4.280000000000000000e+02 4.280000000000000000e+02 1.311809142695281992e-15 9.504064501137693657e-16
4.290000000000000000e+02 4.290000000000000000e+02 4.290000000000000000e+02 0.000000000000000000e+00 0.000000000000000000e+00
4.300000000000000000e+02 4.300000000000000000e+02 4.300000000000000000e+02 1.298854173865562040e-15 9.387822378677807921e-16
4.310000000000000000e+02 4.310000000000000000e+02 4.310000000000000000e+02 0.000000000000000000e+00 0.000000000000000000e+00
4.320000000000000000e+02 4.320000000000000000e+02 4.320000000000000000e+02 1.286166141278574965e-15 9.273048156616811659e-16
4.330000000000000000e+02 4.330000000000000000e+02 4.330000000000000000e+02 0.000000000000000000e+00 0.000000000000000000e+00
4.340000000000000000e+02 4.340000000000000000e+02 4.340000000000000000e+02 1.273764892958580938e-15 9.159728210106862816e-16
4.350000000000000000e+02 4.350000000000000000e+02 4.350000000000000000e+02 0.000000000000000000e+00 0.000000000000000000e+00
4.360000000000000000e+02 4.360000000000000000e+02 4.360000000000000000e+02 1.261793567258837024e-15 9.048177882549378967e-16
4.370000000000000000e+02 4.370000000000000000e+02 4.370000000000000000e+02 0.000000000000000000e+00 0.000000000000000000e+00
4.380000000000000000e+02 4.380000000000000000e+02 4.380000000000000000e+02 1.250120614223858073e-15 8.938349593653993318e-16
4.390000000000000000e+02 4.390000000000000000e+02 4.390000000000000000e+02 0.000000000000000000e+00 0.000000000000000000e+00
4.400000000000000000e+02 4.400000000000000000e+02 4.400000000000000000e+02 1.238750352263081009e-15 8.829994156233023294e-16
4.410000000000000000e+02 4.410000000000000000e+02 4.410000000000000000e+02 0.000000000000000000e+00 0.000000000000000000e+00
4.420000000000000000e+02 4.420000000000000000e+02 4.420000000000000000e+02 1.227754076093854980e-15 8.723300554223012110e-16
4.430000000000000000e+02 4.430000000000000000e+02 4.430000000000000000e+02 0.000000000000000000e+00 0.000000000000000000e+00
4.440000000000000000e+02 4.440000000000000000e+02 4.440000000000000000e+02 1.217046144350447029e-15 8.618386846859570948e-16
4.450000000000000000e+02 4.450000000000000000e+02 4.450000000000000000e+02 0.000000000000000000e+00 0.000000000000000000e+00
4.460000000000000000e+02 4.460000000000000000e+02 4.460000000000000000e+02 1.206626704541086920e-15 8.514784882637278555e-16
4.470000000000000000e+02 4.470000000000000000e+02 4.470000000000000000e+02 0.000000000000000000e+00 0.000000000000000000e+00
4.480000000000000000e+02 4.480000000000000000e+02 4.480000000000000000e+02 1.196504801921006999e-15 8.412979556604969233e-16
4.490000000000000000e+02 4.490000000000000000e+02 4.490000000000000000e+02 0.000000000000000000e+00 0.000000000000000000e+00
4.500000000000000000e+02 4.500000000000000000e+02 4.500000000000000000e+02 1.186623152768887940e-15 8.312841140247482423e-16
4.510000000000000000e+02 4.510000000000000000e+02 4.510000000000000000e+02 0.000000000000000000e+00 0.000000000000000000e+00
4.520000000000000000e+02 4.520000000000000000e+02 4.520000000000000000e+02 1.176962476427344063e-15 8.213904514426525920e-16
4.530000000000000000e+02 4.530000000000000000e+02 4.530000000000000000e+02 0.000000000000000000e+00 0.000000000000000000e+00
4.540000000000000000e+02 4.540000000000000000e+02 4.540000000000000000e+02 1.167563454989030054e-15 8.116935556081350733e-16
4.550000000000000000e+02 4.550000000000000000e+02 4.550000000000000000e+02 0.000000000000000000e+00 0.000000000000000000e+00
4.560000000000000000e+02 4.560000000000000000e+02 4.560000000000000000e+02 1.158305281645376044e-15 8.021397659533013247e-16
4.570000000000000000e+02 4.570000000000000000e+02 4.570000000000000000e+02 0.000000000000000000e+00 0.000000000000000000e+00
4.580000000000000000e+02 4.580000000000000000e+02 4.580000000000000000e+02 1.149182197171337934e-15 7.926937886560194276e-16
4.590000000000000000e+02 4.590000000000000000e+02 4.590000000000000000e+02 0.000000000000000000e+00 0.000000000000000000e+00
4.600000000000000000e+02 4.600000000000000000e+02 4.600000000000000000e+02 1.140280224497390903e-15 7.834610366664320054e-16
4.610000000000000000e+02 4.610000000000000000e+02 4.610000000000000000e+02 0.000000000000000000e+00 0.000000000000000000e+00
4.620000000000000000e+02 4.620000000000000000e+02 4.620000000000000000e+02 1.131429194475595911e-15 7.743538023668800734e-16
4.630000000000000000e+02 4.630000000000000000e+02 4.630000000000000000e+02 0.000000000000000000e+00 0.000000000000000000e+00
4.640000000000000000e+02 4.640000000000000000e+02 4.640000000000000000e+02 1.122621004971942095e-15 7.653417023701210699e-16
4.650000000000000000e+02 4.650000000000000000e+02 4.650000000000000000e+02 0.000000000000000000e+00 0.000000000000000000e+00
4.660000000000000000e+02 4.660000000000000000e+02 4.660000000000000000e+02 1.113984113130767912e-15 7.565540517199343980e-16
4.670000000000000000e+02 4.670000000000000000e+02 4.670000000000000000e+02 0.000000000000000000e+00 0.000000000000000000e+00
4.680000000000000000e+02 4.680000000000000000e+02 4.680000000000000000e+02 1.105309376946536098e-15 7.478756067196326006e-16
4.690000000000000000e+02 4.690000000000000000e+02 4.690000000000000000e+02 0.000000000000000000e+00 0.000000000000000000e+00
4.700000000000000000e+02 4.700000000000000000e+02 4.700000000000000000e+02 1.096598119177849021e-15 7.392838364907342705e-16
4.710000000000000000e+02 4.710000000000000000e+02 4.710000000000000000e+02 0.000000000000000000e+00 0.000000000000000000e+00
4.720000000000000000e+02 4.720000000000000000e+02 4.720000000000000000e+02 1.088015787114052017e-15 7.309172257052120269e-16
4.730000000000000000e+02 4.730000000000000000e+02 4.730000000000000000e+02 0.000000000000000000e+00 0.000000000000000000e+00
4.740000000000000000e+02 4.740000000000000000e+02 4.740000000000000000e+02 1.079342875330455980e-15 7.226460196793351862e-16
4.750000000000000000e+02 4.750000000000000000e+02 4.750000000000000000e+02 0.000000000000000000e+00 0.000000000000000000e+00
4.760000000000000000e+02 4.760000000000000000e+02 4.760000000000000000e+02 1.070474045238868935e-15 7.144559196837952848e-16
4.770000000000000000e+02 4.770000000000000000e+02 4.770000000000000000e+02 0.000000000000000000e+00 0.000000000000000000e+00
4.780000000000000000e+02 4.780000000000000000e+02 4.780000000000000000e+02 1.061795123567014944e-15 7.064849358619650327e-16
4.790000000000000000e+02 4.790000000000000000e+02 4.790000000000000000e+02 0.000000000000000000e+00 0.000000000000000000e+00
4.800000000000000000e+02 4.800000000000000000e+02 4.800000000000000000e+02 1.052976842475149087e-15 6.986039667380007234e-16
4.810000000000000000e+02 4.810000000000000000e+02 4.810000000000000000e+02 0.000000000000000000e+00 0.000000000000000000e+00
4.820000000000000000e+02 4.820000000000000000e+02 4.820000000000000000e+02 1.044122845579139053e-15 6.907990710520774348e-16
4.830000000000000000e+02 4.830000000000000000e+02 4.830000000000000000e+02 0.000000000000000000e+00 0.000000000000000000e+00
4.840000000000000000e+02 4.840000000000000000e+02 4.840000000000000000e+02 1.035184555106224025e-15 6.831968237948699332e-16
4.850000000000000000e+02 4.850000000000000000e+02 4.850000000000000000e+02 0.000000000000000000e+00 0.000000000000000000e+00
4.860000000000000000e+02 4.860000000000000000e+02 4.860000000000000000e+02 1.026085174440544930e-15 6.756875665136141269e-16
4.870000000000000000e+02 4.870000000000000000e+02 4.870000000000000000e+02 0.000000000000000000e+00 0.000000000000000000e+00
4.880000000000000000e+02 4.880000000000000000e+02 4.880000000000000000e+02 1.017230381479470068e-15 6.682483712430396429e-16
4.890000000000000000e+02 4.890000000000000000e+02 4.890000000000000000e+02 0.000000000000000000e+00 0.000000000000000000e+00
4.900000000000000000e+02 4.900000000000000000e+02 4.900000000000000000e+02 1.007916703205699010e-15 6.609880505458509962e-16
4.910000000000000000e+02 4.910000000000000000e+02 4.910000000000000000e+02 0.000000000000000000e+00 0.000000000000000000e+00
4.920000000000000000e+02 4.920000000000000000e+02 4.920000000000000000e+02 9.984421416847356421e-16 6.538295511518527841e-16
4.930000000000000000e+02 4.930000000000000000e+02 4.930000000000000000e+02 0.000000000000000000e+00 0.000000000000000000e+00
4.940000000000000000e+02 4.940000000000000000e+02 4.940000000000000000e+02 9.894927096933062005e-16 6.467350633209899625e-16
4.950000000000000000e+02 4.950000000000000000e+02 4.950000000000000000e+02 0.000000000000000000e+00 0.000000000000000000e+00
4.960000000000000000e+02 4.960000000000000000e+02 4.960000000000000000e+02 9.797420770247547330e-16 6.397906606180377783e-16
4.970000000000000000e+02 4.970000000000000000e+02 4.970000000000000000e+02 0.000000000000000000e+00 0.000000000000000000e+00
4.980000000000000000e+02 4.980000000000000000e+02 4.980000000000000000e+02 9.698515283995592840e-16 6.329607582790038872e-16
4.990000000000000000e+02 4.990000000000000000e+02 4.990000000000000000e+02 0.000000000000000000e+00 0.000000000000000000e+00
5.000000000000000000e+02 5.000000000000000000e+02 5.000000000000000000e+02 9.603822633605819938e-16 6.261885699504637614e-16
