5.000000000000000000e+00 5.000000000000000000e+00 1.000000000000000000e+01 3.372407403084119770e-13 -9.388430421590271124e-15
6.000000000000000000e+00 6.000000000000000000e+00 1.200000000000000000e+01 3.384606877327824243e-13 -1.148762097411583061e-14
7.000000000000000000e+00 7.000000000000000000e+00 1.400000000000000000e+01 3.348470966811212865e-13 -1.357906323548462055e-14
8.000000000000000000e+00 8.000000000000000000e+00 1.600000000000000000e+01 3.314639792220310789e-13 -1.568433090491984033e-14
9.000000000000000000e+00 9.000000000000000000e+00 1.800000000000000000e+01 3.251115052161436122e-13 -1.776566508924154092e-14
1.000000000000000000e+01 1.000000000000000000e+01 2.000000000000000000e+01 3.143755227606276166e-13 -1.973023041215425869e-14
1.100000000000000000e+01 1.100000000000000000e+01 2.200000000000000000e+01 3.030597252037119221e-13 -2.158954840921577151e-14
1.200000000000000000e+01 1.200000000000000000e+01 2.400000000000000000e+01 2.944798239088601907e-13 -2.335994477996939045e-14
1.300000000000000000e+01 1.300000000000000000e+01 2.600000000000000000e+01 2.880468972884713036e-13 -2.502336162130188962e-14
1.400000000000000000e+01 1.400000000000000000e+01 2.800000000000000000e+01 2.825881289237667165e-13 -2.656228467446309075e-14
1.500000000000000000e+01 1.500000000000000000e+01 3.000000000000000000e+01 2.779021356765273222e-13 -2.800366760757153091e-14
1.600000000000000000e+01 1.600000000000000000e+01 3.200000000000000000e+01 2.739711742514459890e-13 -2.939299733887023270e-14
1.700000000000000000e+01 1.700000000000000000e+01 3.400000000000000000e+01 2.705121548622728099e-13 -3.076437783967772228e-14
1.800000000000000000e+01 1.800000000000000000e+01 3.600000000000000000e+01 2.671391964311463151e-13 -3.211169789211408760e-14
1.900000000000000000e+01 1.900000000000000000e+01 3.800000000000000000e+01 2.634442459318620994e-13 -3.342390687151606739e-14
2.000000000000000000e+01 2.000000000000000000e+01 4.000000000000000000e+01 2.593870533114533800e-13 -3.469890975837798885e-14
2.100000000000000000e+01 2.100000000000000000e+01 4.200000000000000000e+01 2.550578969069378083e-13 -3.592407613733924285e-14
2.200000000000000000e+01 2.200000000000000000e+01 4.400000000000000000e+01 2.504393250017456977e-13 -3.707760333231346302e-14
2.300000000000000000e+01 2.300000000000000000e+01 4.600000000000000000e+01 2.455028982342451244e-13 -3.814115807465834696e-14
2.400000000000000000e+01 2.400000000000000000e+01 4.800000000000000000e+01 2.403126951019523972e-13 -3.910610086815017798e-14
2.500000000000000000e+01 2.500000000000000000e+01 5.000000000000000000e+01 2.348125447399008224e-13 -3.997171622757530121e-14
2.600000000000000000e+01 2.600000000000000000e+01 5.200000000000000000e+01 2.290349654009653945e-13 -4.074117266081681699e-14
2.700000000000000000e+01 2.700000000000000000e+01 5.400000000000000000e+01 2.230622066074394112e-13 -4.142128452175720741e-14
2.800000000000000000e+01 2.800000000000000000e+01 5.600000000000000000e+01 2.170240549629534020e-13 -4.202286156079995186e-14
2.900000000000000000e+01 2.900000000000000000e+01 5.800000000000000000e+01 2.110637934598938956e-13 -4.255735340414119214e-14
3.000000000000000000e+01 3.000000000000000000e+01 6.000000000000000000e+01 2.052962213679487946e-13 -4.303397836564937758e-14
3.100000000000000000e+01 3.100000000000000000e+01 6.200000000000000000e+01 1.997999298035458080e-13 -4.345876615000443167e-14
3.200000000000000000e+01 3.200000000000000000e+01 6.400000000000000000e+01 1.946308795479898884e-13 -4.383997657566919180e-14
3.300000000000000000e+01 3.300000000000000000e+01 6.600000000000000000e+01 1.898526498711227047e-13 -4.418877405698117016e-14
3.400000000000000000e+01 3.400000000000000000e+01 6.800000000000000000e+01 1.854365432902397875e-13 -4.451100271935882686e-14
3.500000000000000000e+01 3.500000000000000000e+01 7.000000000000000000e+01 1.813184906928995083e-13 -4.480686618975293961e-14
3.600000000000000000e+01 3.600000000000000000e+01 7.200000000000000000e+01 1.774675349245491989e-13 -4.508138689720227171e-14
3.700000000000000000e+01 3.700000000000000000e+01 7.400000000000000000e+01 1.738506633938994035e-13 -4.534097606235457008e-14
3.800000000000000000e+01 3.800000000000000000e+01 7.600000000000000000e+01 1.704462317426608929e-13 -4.559118646017820273e-14
3.900000000000000000e+01 3.900000000000000000e+01 7.800000000000000000e+01 1.672022455463624910e-13 -4.583768050240268226e-14
4.000000000000000000e+01 4.000000000000000000e+01 8.000000000000000000e+01 1.640917379322399917e-13 -4.607913489154298718e-14
4.100000000000000000e+01 4.100000000000000000e+01 8.200000000000000000e+01 1.610847231031781045e-13 -4.631097395864528769e-14
4.200000000000000000e+01 4.200000000000000000e+01 8.400000000000000000e+01 1.581267235806643002e-13 -4.652883300817187977e-14
4.300000000000000000e+01 4.300000000000000000e+01 8.600000000000000000e+01 1.551994746330309036e-13 -4.672836972212200124e-14
4.400000000000000000e+01 4.400000000000000000e+01 8.800000000000000000e+01 1.522958059551320935e-13 -4.690483290805390859e-14
4.500000000000000000e+01 4.500000000000000000e+01 9.000000000000000000e+01 1.494154950032803921e-13 -4.705435330589655313e-14
4.600000000000000000e+01 4.600000000000000000e+01 9.200000000000000000e+01 1.465583274322359116e-13 -4.717320077487967790e-14
4.700000000000000000e+01 4.700000000000000000e+01 9.400000000000000000e+01 1.437305962476262939e-13 -4.726067451090224747e-14
4.800000000000000000e+01 4.800000000000000000e+01 9.600000000000000000e+01 1.409473948711181933e-13 -4.731780657326526199e-14
4.900000000000000000e+01 4.900000000000000000e+01 9.800000000000000000e+01 1.382011782401289912e-13 -4.734327538858267143e-14
5.000000000000000000e+01 5.000000000000000000e+01 1.000000000000000000e+02 1.354923715035661097e-13 -4.733864406703990011e-14
5.100000000000000000e+01 5.100000000000000000e+01 1.020000000000000000e+02 1.328305157638547111e-13 -4.730669799243733299e-14
5.200000000000000000e+01 5.200000000000000000e+01 1.040000000000000000e+02 1.302012284603228015e-13 -4.724649087280420146e-14
5.300000000000000000e+01 5.300000000000000000e+01 1.060000000000000000e+02 1.276211254996130092e-13 -4.716260406093399167e-14
5.400000000000000000e+01 5.400000000000000000e+01 1.080000000000000000e+02 1.250775894096689045e-13 -4.705392826533506797e-14
5.500000000000000000e+01 5.500000000000000000e+01 1.100000000000000000e+02 1.225892909859271944e-13 -4.692502880046792765e-14
5.600000000000000000e+01 5.600000000000000000e+01 1.120000000000000000e+02 1.201450390242955919e-13 -4.677489289066435987e-14
5.700000000000000000e+01 5.700000000000000000e+01 1.140000000000000000e+02 1.177550297166522889e-13 -4.660652707339454280e-14
5.800000000000000000e+01 5.800000000000000000e+01 1.160000000000000000e+02 1.154130519221409087e-13 -4.642104381553421815e-14
5.900000000000000000e+01 5.900000000000000000e+01 1.180000000000000000e+02 1.131148340792288957e-13 -4.621816726263802293e-14
6.000000000000000000e+01 6.000000000000000000e+01 1.200000000000000000e+02 1.108621028971215953e-13 -4.600063827706084142e-14
6.100000000000000000e+01 6.100000000000000000e+01 1.220000000000000000e+02 1.086453915539381020e-13 -4.576832686003285302e-14
6.200000000000000000e+01 6.200000000000000000e+01 1.240000000000000000e+02 1.064554074463400957e-13 -4.552119814508855689e-14
6.300000000000000000e+01 6.300000000000000000e+01 1.260000000000000000e+02 1.042944820964969028e-13 -4.526192813965657195e-14
6.400000000000000000e+01 6.400000000000000000e+01 1.280000000000000000e+02 1.021567984611419953e-13 -4.499112154647246115e-14
6.500000000000000000e+01 6.500000000000000000e+01 1.300000000000000000e+02 1.000404981754851952e-13 -4.470899374689270144e-14
6.600000000000000000e+01 6.600000000000000000e+01 1.320000000000000000e+02 9.794749536482045585e-14 -4.441676190731590315e-14
6.700000000000000000e+01 6.700000000000000000e+01 1.340000000000000000e+02 9.588278630127631152e-14 -4.411780158369024757e-14
6.800000000000000000e+01 6.800000000000000000e+01 1.360000000000000000e+02 9.385241582446202077e-14 -4.381187163656082106e-14
6.900000000000000000e+01 6.900000000000000000e+01 1.380000000000000000e+02 9.186064438612046262e-14 -4.349887421362830260e-14
7.000000000000000000e+01 7.000000000000000000e+01 1.400000000000000000e+02 8.991272471888215937e-14 -4.318004117854491217e-14
7.100000000000000000e+01 7.100000000000000000e+01 1.420000000000000000e+02 8.801330754040412673e-14 -4.285629161003584285e-14
7.200000000000000000e+01 7.200000000000000000e+01 1.440000000000000000e+02 8.616461871410281401e-14 -4.252880012238885179e-14
7.300000000000000000e+01 7.300000000000000000e+01 1.460000000000000000e+02 8.436826082644147711e-14 -4.219880400128285840e-14
7.400000000000000000e+01 7.400000000000000000e+01 1.480000000000000000e+02 8.262548184876829919e-14 -4.186746064407808154e-14
7.500000000000000000e+01 7.500000000000000000e+01 1.500000000000000000e+02 8.093782407900772094e-14 -4.153593483081649033e-14
7.600000000000000000e+01 7.600000000000000000e+01 1.520000000000000000e+02 7.930467832780821208e-14 -4.120491822359271094e-14
7.700000000000000000e+01 7.700000000000000000e+01 1.540000000000000000e+02 7.773433473109090731e-14 -4.087748122508887932e-14
7.800000000000000000e+01 7.800000000000000000e+01 1.560000000000000000e+02 7.623527448128127808e-14 -4.055650971633758708e-14
7.900000000000000000e+01 7.900000000000000000e+01 1.580000000000000000e+02 7.479062296882459321e-14 -4.023759972283330178e-14
8.000000000000000000e+01 8.000000000000000000e+01 1.600000000000000000e+02 7.340032822817329556e-14 -3.992100286427286305e-14
8.100000000000000000e+01 8.100000000000000000e+01 1.620000000000000000e+02 7.206299968029372188e-14 -3.960685081757623760e-14
8.200000000000000000e+01 8.200000000000000000e+01 1.640000000000000000e+02 7.077717909814011430e-14 -3.929519757583991723e-14
8.300000000000000000e+01 8.300000000000000000e+01 1.660000000000000000e+02 6.954138572881776978e-14 -3.898612701023617988e-14
8.400000000000000000e+01 8.400000000000000000e+01 1.680000000000000000e+02 6.835290430596072574e-14 -3.867959128441604022e-14
8.500000000000000000e+01 8.500000000000000000e+01 1.700000000000000000e+02 6.720824755985185025e-14 -3.837528218670826828e-14
8.600000000000000000e+01 8.600000000000000000e+01 1.720000000000000000e+02 6.610362299875851097e-14 -3.807283213756965863e-14
8.700000000000000000e+01 8.700000000000000000e+01 1.740000000000000000e+02 6.503523589705343021e-14 -3.777180600378527279e-14
8.800000000000000000e+01 8.800000000000000000e+01 1.760000000000000000e+02 6.399968650649451659e-14 -3.747185093357551828e-14
8.900000000000000000e+01 8.900000000000000000e+01 1.780000000000000000e+02 6.299360701343580855e-14 -3.717252632995794311e-14
9.000000000000000000e+01 9.000000000000000000e+01 1.800000000000000000e+02 6.201433325664193733e-14 -3.687345913929420022e-14
9.100000000000000000e+01 9.100000000000000000e+01 1.820000000000000000e+02 6.106011086767791649e-14 -3.657458034724226803e-14
9.200000000000000000e+01 9.200000000000000000e+01 1.840000000000000000e+02 6.012780269957814210e-14 -3.627527319977048258e-14
9.300000000000000000e+01 9.300000000000000000e+01 1.860000000000000000e+02 5.921573650164965953e-14 -3.597552869930803221e-14
9.400000000000000000e+01 9.400000000000000000e+01 1.880000000000000000e+02 5.832340510071582513e-14 -3.567587663416298152e-14
9.500000000000000000e+01 9.500000000000000000e+01 1.900000000000000000e+02 5.744653098836292320e-14 -3.537556331581234794e-14
9.600000000000000000e+01 9.600000000000000000e+01 1.920000000000000000e+02 5.658354641809255253e-14 -3.507433467889195776e-14
9.700000000000000000e+01 9.700000000000000000e+01 1.940000000000000000e+02 5.573423410199522890e-14 -3.477235721067011188e-14
9.800000000000000000e+01 9.800000000000000000e+01 1.960000000000000000e+02 5.489745563534083805e-14 -3.446963456996689777e-14
9.900000000000000000e+01 9.900000000000000000e+01 1.980000000000000000e+02 5.407142760079404722e-14 -3.416593320361201857e-14
1.000000000000000000e+02 1.000000000000000000e+02 2.000000000000000000e+02 5.325414968877630263e-14 -3.386072703102268286e-14
1.010000000000000000e+02 1.010000000000000000e+02 2.020000000000000000e+02 5.244495791470426208e-14 -3.355397280516184260e-14
1.020000000000000000e+02 1.020000000000000000e+02 2.040000000000000000e+02 5.164655829224461134e-14 -3.324637432395332269e-14
1.030000000000000000e+02 1.030000000000000000e+02 2.060000000000000000e+02 5.085793719965747299e-14 -3.293780595730824902e-14
1.040000000000000000e+02 1.040000000000000000e+02 2.080000000000000000e+02 5.007760909738696234e-14 -3.262751218288043284e-14
1.050000000000000000e+02 1.050000000000000000e+02 2.100000000000000000e+02 4.930326683614813176e-14 -3.231500250778877265e-14
1.060000000000000000e+02 1.060000000000000000e+02 2.120000000000000000e+02 4.853586021918725686e-14 -3.200114273684404705e-14
1.070000000000000000e+02 1.070000000000000000e+02 2.140000000000000000e+02 4.777605734263940791e-14 -3.168641927327666117e-14
1.080000000000000000e+02 1.080000000000000000e+02 2.160000000000000000e+02 4.702235889119605290e-14 -3.136962549755500857e-14
1.090000000000000000e+02 1.090000000000000000e+02 2.180000000000000000e+02 4.627340536801129932e-14 -3.105093428423437803e-14
1.100000000000000000e+02 1.100000000000000000e+02 2.200000000000000000e+02 4.553307596650288125e-14 -3.073172138492535847e-14
1.110000000000000000e+02 1.110000000000000000e+02 2.220000000000000000e+02 4.480223465479358807e-14 -3.041183928316645937e-14
1.120000000000000000e+02 1.120000000000000000e+02 2.240000000000000000e+02 4.407610080084441083e-14 -3.009047796981766760e-14
1.130000000000000000e+02 1.130000000000000000e+02 2.260000000000000000e+02 4.335789853612793049e-14 -2.976876702904297140e-14
1.140000000000000000e+02 1.140000000000000000e+02 2.280000000000000000e+02 4.265083132420305271e-14 -2.944790320520055816e-14
1.150000000000000000e+02 1.150000000000000000e+02 2.300000000000000000e+02 4.195111142637901244e-14 -2.912674550974852243e-14
1.160000000000000000e+02 1.160000000000000000e+02 2.320000000000000000e+02 4.125919065574146031e-14 -2.880614677531248308e-14
1.170000000000000000e+02 1.170000000000000000e+02 2.340000000000000000e+02 4.057775745029938273e-14 -2.848722410893131742e-14
1.180000000000000000e+02 1.180000000000000000e+02 2.360000000000000000e+02 3.990584678877863701e-14 -2.816940731320918006e-14
1.190000000000000000e+02 1.190000000000000000e+02 2.380000000000000000e+02 3.924318834741788203e-14 -2.785335632914890046e-14
1.200000000000000000e+02 1.200000000000000000e+02 2.400000000000000000e+02 3.859161191373411846e-14 -2.753977181254417137e-14
1.210000000000000000e+02 1.210000000000000000e+02 2.420000000000000000e+02 3.795061032272761826e-14 -2.722838681310116966e-14
1.220000000000000000e+02 1.220000000000000000e+02 2.440000000000000000e+02 3.732032592873639183e-14 -2.691991491295757990e-14
1.230000000000000000e+02 1.230000000000000000e+02 2.460000000000000000e+02 3.670218111789881784e-14 -2.661451253244437050e-14
1.240000000000000000e+02 1.240000000000000000e+02 2.480000000000000000e+02 3.609553448737838784e-14 -2.631230261299771003e-14
1.250000000000000000e+02 1.250000000000000000e+02 2.500000000000000000e+02 3.550059269969497981e-14 -2.601363262224239092e-14
1.260000000000000000e+02 1.260000000000000000e+02 2.520000000000000000e+02 3.491847571381449209e-14 -2.571843347535306126e-14
1.270000000000000000e+02 1.270000000000000000e+02 2.540000000000000000e+02 3.434989678989209141e-14 -2.542737050082184038e-14
1.280000000000000000e+02 1.280000000000000000e+02 2.560000000000000000e+02 3.379488147493679286e-14 -2.514016008101269886e-14
1.290000000000000000e+02 1.290000000000000000e+02 2.580000000000000000e+02 3.325253239324465782e-14 -2.485644847930206923e-14
1.300000000000000000e+02 1.300000000000000000e+02 2.600000000000000000e+02 3.272599724017576234e-14 -2.457766561912838923e-14
1.310000000000000000e+02 1.310000000000000000e+02 2.620000000000000000e+02 3.221265701578237140e-14 -2.430254012864223139e-14
1.320000000000000000e+02 1.320000000000000000e+02 2.640000000000000000e+02 3.171449076209475131e-14 -2.403185437045448033e-14
1.330000000000000000e+02 1.330000000000000000e+02 2.660000000000000000e+02 3.123556889246540711e-14 -2.376737380389651100e-14
1.340000000000000000e+02 1.340000000000000000e+02 2.680000000000000000e+02 3.077073982392655237e-14 -2.350682711339653917e-14
1.350000000000000000e+02 1.350000000000000000e+02 2.700000000000000000e+02 3.032200770236203756e-14 -2.325137946680963949e-14
1.360000000000000000e+02 1.360000000000000000e+02 2.720000000000000000e+02 2.988507847797731206e-14 -2.299902624004037864e-14
1.370000000000000000e+02 1.370000000000000000e+02 2.740000000000000000e+02 2.946239839881495299e-14 -2.275086415979914962e-14
1.380000000000000000e+02 1.380000000000000000e+02 2.760000000000000000e+02 2.905273728421206850e-14 -2.250655367129129961e-14
1.390000000000000000e+02 1.390000000000000000e+02 2.780000000000000000e+02 2.865421188010593011e-14 -2.226520415508684000e-14
1.400000000000000000e+02 1.400000000000000000e+02 2.800000000000000000e+02 2.826974026048292968e-14 -2.202837783106160997e-14
1.410000000000000000e+02 1.410000000000000000e+02 2.820000000000000000e+02 2.789420929422357021e-14 -2.179393202414474141e-14
1.420000000000000000e+02 1.420000000000000000e+02 2.840000000000000000e+02 2.753221150075323898e-14 -2.156398939011728911e-14
1.430000000000000000e+02 1.430000000000000000e+02 2.860000000000000000e+02 2.717807950645446875e-14 -2.133644856119151059e-14
1.440000000000000000e+02 1.440000000000000000e+02 2.880000000000000000e+02 2.683482161434899863e-14 -2.111262599376158857e-14
1.450000000000000000e+02 1.450000000000000000e+02 2.900000000000000000e+02 2.649982611987300013e-14 -2.089177462520328139e-14
1.460000000000000000e+02 1.460000000000000000e+02 2.920000000000000000e+02 2.617301298579882888e-14 -2.067377239314940986e-14
1.470000000000000000e+02 1.470000000000000000e+02 2.940000000000000000e+02 2.585473779098291964e-14 -2.045922758199893151e-14
1.480000000000000000e+02 1.480000000000000000e+02 2.960000000000000000e+02 2.554201371275382152e-14 -2.024682804271162934e-14
1.490000000000000000e+02 1.490000000000000000e+02 2.980000000000000000e+02 2.523769654641092082e-14 -2.003814432732099075e-14
1.500000000000000000e+02 1.500000000000000000e+02 3.000000000000000000e+02 2.493711744856190863e-14 -1.983114405792355864e-14
1.510000000000000000e+02 1.510000000000000000e+02 3.020000000000000000e+02 2.464455313517626102e-14 -1.962790164842021907e-14
1.520000000000000000e+02 1.520000000000000000e+02 3.040000000000000000e+02 2.435434701474707144e-14 -1.942612123347287019e-14
1.530000000000000000e+02 1.530000000000000000e+02 3.060000000000000000e+02 2.407136469482972898e-14 -1.922792371553318121e-14
1.540000000000000000e+02 1.540000000000000000e+02 3.080000000000000000e+02 2.379024752090226916e-14 -1.903114150646723156e-14
1.550000000000000000e+02 1.550000000000000000e+02 3.100000000000000000e+02 2.351528328923876103e-14 -1.883746595127665969e-14
1.560000000000000000e+02 1.560000000000000000e+02 3.120000000000000000e+02 2.324234784172452004e-14 -1.864533608374235148e-14
1.570000000000000000e+02 1.570000000000000000e+02 3.140000000000000000e+02 2.297456993465204975e-14 -1.845582780324493947e-14
1.580000000000000000e+02 1.580000000000000000e+02 3.160000000000000000e+02 2.270894830373096050e-14 -1.826797799987167940e-14
1.590000000000000000e+02 1.590000000000000000e+02 3.180000000000000000e+02 2.244769779978519899e-14 -1.808237727855863899e-14
1.600000000000000000e+02 1.600000000000000000e+02 3.200000000000000000e+02 2.218867513517492908e-14 -1.789847256752441905e-14
1.610000000000000000e+02 1.610000000000000000e+02 3.220000000000000000e+02 2.193359238542775851e-14 -1.771661678576996150e-14
1.620000000000000000e+02 1.620000000000000000e+02 3.240000000000000000e+02 2.168067303380477946e-14 -1.753642521859110087e-14
1.630000000000000000e+02 1.630000000000000000e+02 3.260000000000000000e+02 2.143152577735475035e-14 -1.735822186601987915e-14
1.640000000000000000e+02 1.640000000000000000e+02 3.280000000000000000e+02 2.118435700404121047e-14 -1.718157320752134053e-14
1.650000000000000000e+02 1.650000000000000000e+02 3.300000000000000000e+02 2.094081943001008110e-14 -1.700687701835924082e-14
1.660000000000000000e+02 1.660000000000000000e+02 3.320000000000000000e+02 2.069923375824452122e-14 -1.683366331988966920e-14
1.670000000000000000e+02 1.670000000000000000e+02 3.340000000000000000e+02 2.046113184696674945e-14 -1.666242556157277138e-14
1.680000000000000000e+02 1.680000000000000000e+02 3.360000000000000000e+02 2.022498089128375020e-14 -1.649264920642313942e-14
1.690000000000000000e+02 1.690000000000000000e+02 3.380000000000000000e+02 1.999185150757491985e-14 -1.632481187388394086e-14
1.700000000000000000e+02 1.700000000000000000e+02 3.400000000000000000e+02 1.976069129167299038e-14 -1.615841857619258950e-14
1.710000000000000000e+02 1.710000000000000000e+02 3.420000000000000000e+02 1.953226764116686905e-14 -1.599397886551710998e-14
1.720000000000000000e+02 1.720000000000000000e+02 3.440000000000000000e+02 1.930604673489721892e-14 -1.583097399526736964e-14
1.730000000000000000e+02 1.730000000000000000e+02 3.460000000000000000e+02 1.908225064168199136e-14 -1.566985456784264881e-14
1.740000000000000000e+02 1.740000000000000000e+02 3.480000000000000000e+02 1.886071404747759873e-14 -1.551017891742056143e-14
1.750000000000000000e+02 1.750000000000000000e+02 3.500000000000000000e+02 1.864153582506451023e-14 -1.535238871189550931e-14
1.760000000000000000e+02 1.760000000000000000e+02 3.520000000000000000e+02 1.842456529996590897e-14 -1.519598947701894861e-14
1.770000000000000000e+02 1.770000000000000000e+02 3.540000000000000000e+02 1.821003494144635014e-14 -1.504153279162946949e-14
1.780000000000000000e+02 1.780000000000000000e+02 3.560000000000000000e+02 1.799752618931652884e-14 -1.488841515385090018e-14
1.790000000000000000e+02 1.790000000000000000e+02 3.580000000000000000e+02 1.778768987259935994e-14 -1.473719081628799904e-14
1.800000000000000000e+02 1.800000000000000000e+02 3.600000000000000000e+02 1.757972229410482865e-14 -1.458732096876957141e-14
1.810000000000000000e+02 1.810000000000000000e+02 3.620000000000000000e+02 1.737432415729629000e-14 -1.443912206106440987e-14
1.820000000000000000e+02 1.820000000000000000e+02 3.640000000000000000e+02 1.717112596416877032e-14 -1.429251473294661156e-14
1.830000000000000000e+02 1.830000000000000000e+02 3.660000000000000000e+02 1.697043889807142985e-14 -1.414737284113054935e-14
1.840000000000000000e+02 1.840000000000000000e+02 3.680000000000000000e+02 1.677221248705890092e-14 -1.400393426393433054e-14
1.850000000000000000e+02 1.850000000000000000e+02 3.700000000000000000e+02 1.657622157118849853e-14 -1.386179222504683977e-14
1.860000000000000000e+02 1.860000000000000000e+02 3.720000000000000000e+02 1.638337876999014971e-14 -1.372157548830714949e-14
1.870000000000000000e+02 1.870000000000000000e+02 3.740000000000000000e+02 1.619221559638500098e-14 -1.358239820354261923e-14
1.880000000000000000e+02 1.880000000000000000e+02 3.760000000000000000e+02 1.600536291229770853e-14 -1.344548956478567987e-14
1.890000000000000000e+02 1.890000000000000000e+02 3.780000000000000000e+02 1.582117939340597929e-14 -1.331016808241635061e-14
1.900000000000000000e+02 1.900000000000000000e+02 3.800000000000000000e+02 1.563974576582405135e-14 -1.317632973165524960e-14
1.910000000000000000e+02 1.910000000000000000e+02 3.820000000000000000e+02 1.546142333816284125e-14 -1.304429169243887008e-14
1.920000000000000000e+02 1.920000000000000000e+02 3.840000000000000000e+02 1.528510052845336929e-14 -1.291338295373309991e-14
1.930000000000000000e+02 1.930000000000000000e+02 3.860000000000000000e+02 1.511197495725220104e-14 -1.278427545099707953e-14
1.940000000000000000e+02 1.940000000000000000e+02 3.880000000000000000e+02 1.494049392690384875e-14 -1.265615408330881990e-14
1.950000000000000000e+02 1.950000000000000000e+02 3.900000000000000000e+02 1.477172194507184136e-14 -1.252954458148832931e-14
1.960000000000000000e+02 1.960000000000000000e+02 3.920000000000000000e+02 1.460536829755869128e-14 -1.240434978622218983e-14
1.970000000000000000e+02 1.970000000000000000e+02 3.940000000000000000e+02 1.444083096473922845e-14 -1.228024296147306955e-14
1.980000000000000000e+02 1.980000000000000000e+02 3.960000000000000000e+02 1.427956569264059929e-14 -1.215798773645564932e-14
1.990000000000000000e+02 1.990000000000000000e+02 3.980000000000000000e+02 1.411962060241286948e-14 -1.203654974586294004e-14
2.000000000000000000e+02 2.000000000000000000e+02 4.000000000000000000e+02 1.396226396228581034e-14 -1.191662204522775951e-14
2.010000000000000000e+02 2.010000000000000000e+02 4.020000000000000000e+02 1.380725580884330925e-14 -1.179803330339257041e-14
2.020000000000000000e+02 2.020000000000000000e+02 4.040000000000000000e+02 1.365367756446543025e-14 -1.168039200333583018e-14
2.030000000000000000e+02 2.030000000000000000e+02 4.060000000000000000e+02 1.350342802978191996e-14 -1.156459937581517999e-14
2.040000000000000000e+02 2.040000000000000000e+02 4.080000000000000000e+02 1.335462429160368961e-14 -1.144962069944780046e-14
2.050000000000000000e+02 2.050000000000000000e+02 4.100000000000000000e+02 1.320798013583812022e-14 -1.133599884035582973e-14
2.060000000000000000e+02 2.060000000000000000e+02 4.120000000000000000e+02 1.306389560813386033e-14 -1.122382387834756943e-14
2.070000000000000000e+02 2.070000000000000000e+02 4.140000000000000000e+02 1.292145946654180974e-14 -1.111249646064894032e-14
2.080000000000000000e+02 2.080000000000000000e+02 4.160000000000000000e+02 1.278149367092934074e-14 -1.100283306826370925e-14
2.090000000000000000e+02 2.090000000000000000e+02 4.180000000000000000e+02 1.264338955053762036e-14 -1.089421415705376073e-14
2.100000000000000000e+02 2.100000000000000000e+02 4.200000000000000000e+02 1.250749064747160053e-14 -1.078668800839175925e-14
2.110000000000000000e+02 2.110000000000000000e+02 4.220000000000000000e+02 1.237394365816472950e-14 -1.068083160650205048e-14
2.120000000000000000e+02 2.120000000000000000e+02 4.240000000000000000e+02 1.224238382111147983e-14 -1.057584214944804024e-14
2.130000000000000000e+02 2.130000000000000000e+02 4.260000000000000000e+02 1.211262841355787949e-14 -1.047227271348694937e-14
2.140000000000000000e+02 2.140000000000000000e+02 4.280000000000000000e+02 1.198530512430045076e-14 -1.037007686585289950e-14
2.150000000000000000e+02 2.150000000000000000e+02 4.300000000000000000e+02 1.185968024794733997e-14 -1.026876848079796051e-14
2.160000000000000000e+02 2.160000000000000000e+02 4.320000000000000000e+02 1.173658622289877980e-14 -1.016916006430052941e-14
2.170000000000000000e+02 2.170000000000000000e+02 4.340000000000000000e+02 1.161555088542338068e-14 -1.007069441928210931e-14
2.180000000000000000e+02 2.180000000000000000e+02 4.360000000000000000e+02 1.149629594915701949e-14 -9.973258622175863881e-15
2.190000000000000000e+02 2.190000000000000000e+02 4.380000000000000000e+02 1.137968008143736959e-14 -9.877571066021083307e-15
2.200000000000000000e+02 2.200000000000000000e+02 4.400000000000000000e+02 1.126506879397555927e-14 -9.782967069048462787e-15
2.210000000000000000e+02 2.210000000000000000e+02 4.420000000000000000e+02 1.115241078972712983e-14 -9.689598693589589031e-15
2.220000000000000000e+02 2.220000000000000000e+02 4.440000000000000000e+02 1.104198251739982053e-14 -9.597711654540454612e-15
2.230000000000000000e+02 2.230000000000000000e+02 4.460000000000000000e+02 1.093372516691433937e-14 -9.507085225500569028e-15
2.240000000000000000e+02 2.240000000000000000e+02 4.480000000000000000e+02 1.082749519416943064e-14 -9.417820275862719992e-15
2.250000000000000000e+02 2.250000000000000000e+02 4.500000000000000000e+02 1.072323211946166014e-14 -9.329889365130403389e-15
2.260000000000000000e+02 2.260000000000000000e+02 4.520000000000000000e+02 1.062102856384956944e-14 -9.243218399360124783e-15
2.270000000000000000e+02 2.270000000000000000e+02 4.540000000000000000e+02 1.052078894795739034e-14 -9.158026209907399688e-15
2.280000000000000000e+02 2.280000000000000000e+02 4.560000000000000000e+02 1.042225791869083035e-14 -9.074065609532492184e-15
2.290000000000000000e+02 2.290000000000000000e+02 4.580000000000000000e+02 1.032570628630129961e-14 -8.991349869143437159e-15
2.300000000000000000e+02 2.300000000000000000e+02 4.600000000000000000e+02 1.023084863577552958e-14 -8.910153156374673808e-15
2.310000000000000000e+02 2.310000000000000000e+02 4.620000000000000000e+02 1.013746804488659078e-14 -8.830118379960654274e-15
2.320000000000000000e+02 2.320000000000000000e+02 4.640000000000000000e+02 1.004581233010265941e-14 -8.751288687656517198e-15
2.330000000000000000e+02 2.330000000000000000e+02 4.660000000000000000e+02 9.955974041427996013e-15 -8.674123967520337133e-15
2.340000000000000000e+02 2.340000000000000000e+02 4.680000000000000000e+02 9.867366695614684997e-15 -8.598052248924848599e-15
2.350000000000000000e+02 2.350000000000000000e+02 4.700000000000000000e+02 9.780264455477567791e-15 -8.523151272749713751e-15
2.360000000000000000e+02 2.360000000000000000e+02 4.720000000000000000e+02 9.694882274269686632e-15 -8.449920722561438973e-15
2.370000000000000000e+02 2.370000000000000000e+02 4.740000000000000000e+02 9.610526837878599365e-15 -8.377717471237765797e-15
2.380000000000000000e+02 2.380000000000000000e+02 4.760000000000000000e+02 9.527316827671121824e-15 -8.306660989618934219e-15
2.390000000000000000e+02 2.390000000000000000e+02 4.780000000000000000e+02 9.445336066549619116e-15 -8.236995787556422394e-15
2.400000000000000000e+02 2.400000000000000000e+02 4.800000000000000000e+02 9.364123682703181505e-15 -8.168279889380657706e-15
2.410000000000000000e+02 2.410000000000000000e+02 4.820000000000000000e+02 9.284088721335819182e-15 -8.100664136816168645e-15
2.420000000000000000e+02 2.420000000000000000e+02 4.840000000000000000e+02 9.204779129621981616e-15 -8.034319827488055458e-15
2.430000000000000000e+02 2.430000000000000000e+02 4.860000000000000000e+02 9.125922543037553218e-15 -7.968801876239762847e-15
2.440000000000000000e+02 2.440000000000000000e+02 4.880000000000000000e+02 9.048509906388672083e-15 -7.904341223698729708e-15
2.450000000000000000e+02 2.450000000000000000e+02 4.900000000000000000e+02 8.971184095204169054e-15 -7.841046806425065850e-15
2.460000000000000000e+02 2.460000000000000000e+02 4.920000000000000000e+02 8.893991370684656855e-15 -7.778435709210749613e-15
2.470000000000000000e+02 2.470000000000000000e+02 4.940000000000000000e+02 8.818653957567152877e-15 -7.716862862064337766e-15
2.480000000000000000e+02 2.480000000000000000e+02 4.960000000000000000e+02 8.742687229622865895e-15 -7.656316889783843733e-15
2.490000000000000000e+02 2.490000000000000000e+02 4.980000000000000000e+02 8.666626429139383547e-15 -7.596339933507927092e-15
2.500000000000000000e+02 2.500000000000000000e+02 5.000000000000000000e+02 8.592152674053085399e-15 -7.537359654188953105e-15
