          30  -6.1631266707189929E-013
          50  -9.0174643331344660E-013
          70  -9.9082100758077405E-013
          90  -9.7563185941678486E-013
         150  -4.6574094502566289E-013
         250  -3.2960918563760561E-013
         350  -2.1592641533212396E-013
         450  -1.4134969816516166E-013
         550  -9.6618174811866307E-014
         650  -6.8967773987814616E-014
         750  -4.9854100860725670E-014
         850  -3.6626414988903806E-014
         950  -2.7831081501219141E-014
