2.000000000000000000e+00 1.136119141355517213e-14
2.219191919191919027e+01 6.209929696220049602e-21
4.238383838383838054e+01 1.343846970010341224e-22
6.257575757575757081e+01 1.404108750020190424e-23
8.276767676767676107e+01 2.907937889388692341e-24
1.029595959595959584e+02 8.911368494449216820e-25
1.231515151515151416e+02 3.530841015367434624e-25
1.433434343434343248e+02 1.673795718527721417e-25
1.635353535353535221e+02 9.065328943740868093e-26
1.837272727272727195e+02 5.417308331646095069e-26
2.039191919191919169e+02 3.482572365779070237e-26
2.241111111111110858e+02 2.352134599759160665e-26
2.443030303030302832e+02 1.637794441104430306e-26
2.644949494949494806e+02 1.156541372674055678e-26
2.846868686868686495e+02 8.184479418799576467e-27
3.048787878787878753e+02 5.760831514232237966e-27
3.250707070707070443e+02 4.029341219217673710e-27
3.452626262626262132e+02 2.808042007367618188e-27
3.654545454545454390e+02 1.964361356592518313e-27
3.856464646464646080e+02 1.390250912457002491e-27
4.058383838383838338e+02 1.002957533990445063e-27
4.260303030303030027e+02 7.421380991025275043e-28
4.462222222222221717e+02 5.653272083725074226e-28
4.664141414141413975e+02 4.437276135341570149e-28
4.866060606060605664e+02 3.585251394431468390e-28
5.067979797979797354e+02 2.977356054604072069e-28
5.269898989898989612e+02 2.528099847931232873e-28
5.471818181818181301e+02 2.185559509186882265e-28
5.673737373737372991e+02 1.908982461900516430e-28
5.875656565656564680e+02 1.676338948341276894e-28
6.077575757575757507e+02 1.471773424381556308e-28
6.279494949494949196e+02 1.284853413738245342e-28
6.481414141414140886e+02 1.114291295328511437e-28
6.683333333333332575e+02 9.592593026004240172e-29
6.885252525252524265e+02 8.205359849014244640e-29
7.087171717171717091e+02 7.003836498445011617e-29
7.289090909090908781e+02 5.981386893498761265e-29
7.491010101010100470e+02 5.142270219155368533e-29
7.692929292929292160e+02 4.458645127870292199e-29
7.894848484848483849e+02 3.906152660432166201e-29
8.096767676767676676e+02 3.466594414061682168e-29
8.298686868686868365e+02 3.113394043671614017e-29
8.500606060606060055e+02 2.817679381511632530e-29
8.702525252525251744e+02 2.573354969451708199e-29
8.904444444444443434e+02 2.357152334233845809e-29
9.106363636363635123e+02 2.162660495019412548e-29
9.308282828282827950e+02 1.980105123075721900e-29
9.510202020202019639e+02 1.806832086576073745e-29
9.712121212121211329e+02 1.641039462136129050e-29
9.914040404040403018e+02 1.484476582492476497e-29
1.011595959595959471e+03 1.339810513169162182e-29
1.031787878787878753e+03 1.208674347122116069e-29
1.051979797979797922e+03 1.093880713023343324e-29
1.072171717171717091e+03 9.950666380007031566e-30
1.092363636363636260e+03 9.131028745167503857e-30
1.112555555555555429e+03 8.456204491510884071e-30
1.132747474747474598e+03 7.908978890524511847e-30
1.152939393939393767e+03 7.474742917659790042e-30
1.173131313131312936e+03 7.115163024147691078e-30
1.193323232323232332e+03 6.824403142434223792e-30
1.213515151515151501e+03 6.571110046680715833e-30
1.233707070707070670e+03 6.343932703103704878e-30
1.253898989898989839e+03 6.135030879428536032e-30
1.274090909090909008e+03 5.922069534662201784e-30
1.294282828282828177e+03 5.702961584748949041e-30
1.314474747474747346e+03 5.500405811084555720e-30
1.334666666666666515e+03 5.288192691255451066e-30
1.354858585858585684e+03 5.090318858625926651e-30
1.375050505050504853e+03 4.900738656150215811e-30
1.395242424242424022e+03 4.727323843836380169e-30
1.415434343434343418e+03 4.573366127417874986e-30
1.435626262626262587e+03 4.441242939415846442e-30
1.455818181818181756e+03 4.328874322656414846e-30
1.476010101010100925e+03 4.228312742749968195e-30
1.496202020202020094e+03 4.147062068141902138e-30
1.516393939393939263e+03 4.071070315907140864e-30
1.536585858585858432e+03 4.006456394840066429e-30
1.556777777777777601e+03 3.931729795236010444e-30
1.576969696969696770e+03 3.849499934921137349e-30
1.597161616161615939e+03 3.754388200027901361e-30
1.617353535353535335e+03 3.646784641753562106e-30
1.637545454545454504e+03 3.516500851515681048e-30
1.657737373737373673e+03 3.384226249865651938e-30
1.677929292929292842e+03 3.255569209007865573e-30
1.698121212121212011e+03 3.130233475495294231e-30
1.718313131313131180e+03 3.025548371157524164e-30
1.738505050505050349e+03 2.950922060478821859e-30
1.758696969696969518e+03 2.907041056278065883e-30
1.778888888888888687e+03 2.897130686886614678e-30
1.799080808080807856e+03 2.914081937722644474e-30
1.819272727272727025e+03 2.967116948020711161e-30
1.839464646464646421e+03 3.033057425468997459e-30
1.859656565656565590e+03 3.095147036650183538e-30
1.879848484848484759e+03 3.128713120060446073e-30
1.900040404040403928e+03 3.125189665433052230e-30
1.920232323232323097e+03 3.050360652493025546e-30
1.940424242424242266e+03 2.913693881029045668e-30
1.960616161616161435e+03 2.719898553098807002e-30
1.980808080808080604e+03 2.493255551412814341e-30
2.001000000000000000e+03 2.245123525172580460e-30
